0.0 0.0 1.0 1.0
0.5 0.993628985366 -0.0027092761102 0.99363267898
1.0 -0.00499162880697 -0.977971076807 0.977983815525
1.5 -0.950585446474 0.00569315072816 0.950602494744
2.0 0.00544207453183 0.915509711952 0.915525886501
2.5 0.871396424413 -0.00279132855971 0.871400895108
3.0 0.000568239093652 -0.822234801875 0.822234998228
3.5 -0.767559864175 -0.00606600537232 0.767583833541
4.0 -0.0112884108293 0.710756433166 0.710846070191
4.5 0.651926961898 0.0175418390711 0.652162924251
5.0 0.0222044802729 -0.593567578028 0.593982751121
5.5 -0.536078489852 -0.0264952922058 0.536732845828
6.0 -0.0280461147707 0.481068249586 0.48188509555
6.5 0.429055342916 0.0280599918169 0.429971918182
7.0 0.0246930804545 -0.380928375178 0.381727881138
7.5 -0.337213292098 -0.0191778256237 0.337758187707
8.0 -0.0102595090344 0.298274270386 0.298450662421
8.5 0.264575021534 -0.000792916005223 0.264576209693
9.0 -0.0147231078895 -0.236092512329 0.236551145175
9.5 -0.213190219683 0.0302494264748 0.215325561814
10.0 0.0477427591906 0.195513616277 0.20125840406
10.5 0.183319476431 -0.0659596129538 0.194824795598
11.0 -0.0850280619831 -0.17591596505 0.195387302771
11.5 -0.173472153989 0.103821038092 0.20216675335
12.0 0.122302880994 0.174932671875 0.213446560968
12.5 0.180406889654 -0.139562647694 0.228088532079
13.0 -0.155414694761 -0.188475660274 0.244288358019
13.5 -0.199207083876 0.169264344105 0.261407498844
14.0 0.180736697636 0.210884313294 0.277737191363
14.5 0.223536677663 -0.189620895387 0.293129203984
15.0 -0.195296288572 -0.235306669339 0.305793834086
15.5 -0.246186987323 0.197942030313 0.315894096323
16.0 0.196671696758 0.254426136087 0.32157800769
16.5 0.260013449895 -0.19199784479 0.32321845017
17.0 -0.182844232217 -0.261599749524 0.319165227126
17.5 -0.259255646155 0.169976277759 0.31000874998
18.0 0.152338009592 0.252292321938 0.294717296533
18.5 0.240970986924 -0.130903324697 0.274231101365
19.0 -0.104954040416 -0.225362332399 0.248603160607
19.5 -0.205971319903 0.0756901271737 0.219438328407
20.0 0.0430334793305 0.183477628963 0.188456681159
20.5 0.158547736624 -0.00843168249042 0.158771779792
21.0 0.0274468791015 -0.132100562542 0.134921791407
21.5 -0.104759744804 -0.0629960564046 0.122242002822
22.0 -0.0970026891964 0.0772791671229 0.124022543848
22.5 0.0500437299208 0.127959768258 0.13739751525
23.0 0.154540859187 -0.0234367119052 0.15630789047
23.5 0.0024386674774 -0.17567883479 0.175695760029
24.0 -0.190352733305 -0.0274795566606 0.192325996972
24.5 -0.0517340874182 0.198186608586 0.204827604643
25.0 0.198647541639 0.0751131653847 0.212374276722
25.5 0.097629915095 -0.192105701962 0.215490605475
26.0 -0.178420283095 -0.118987527767 0.214457056736
26.5 -0.139053011608 0.158601843334 0.21092720248
27.0 0.132653700251 0.157289712721 0.20575970917
27.5 0.173416357274 -0.102071496124 0.201225801754
28.0 -0.0667631033987 -0.186809836625 0.198381518885
28.5 -0.197089124184 0.028580594756 0.199150629596
29.0 -0.0128036374202 0.203790577654 0.204192391317
29.5 0.206460895814 0.0552820025144 0.213733949812
30.0 0.0994447133374 -0.205037430009 0.227880667709
30.5 -0.198973165253 -0.143041818262 0.2450536314
31.0 -0.186864891344 0.188780883428 0.265625129769
31.5 0.173768782323 0.228679175307 0.287210297394
32.0 0.269360173853 -0.155100450258 0.310823185957
32.5 -0.131898602856 -0.306890597476 0.334034549493
33.0 -0.342089142144 0.105940844132 0.358117918609
33.5 0.0761688102714 0.373373503195 0.381063591211
34.0 0.401377822223 -0.0448279556621 0.403873373449
34.5 -0.01074385798 -0.425142511323 0.425278244704
35.0 -0.445040796908 -0.0236023153231 0.445666220619
35.5 -0.0593818211266 0.460849049155 0.464659065108
36.0 0.472684657231 0.094147490729 0.481969433878
36.5 0.128917659333 -0.481066440947 0.498040845205
37.0 -0.485946773324 -0.161517605326 0.512086128824
37.5 -0.192665898559 0.48847189228 0.525095170436
38.0 0.488568599976 0.220598173473 0.536062338746
38.5 0.245629158343 -0.487775683521 0.546130754364
39.0 -0.486104629136 -0.266407318057 0.554319916277
39.5 -0.282832402653 0.485153543204 0.561576467166
40.0 0.485012936151 0.293866544797 0.567093549941
40.5 0.299133990416 -0.486969712505 0.571507344764
41.0 -0.491037141248 -0.297814103462 0.574291488972
41.5 -0.289573199679 0.497906618987 0.575989270042
42.0 0.507276770395 0.273830702069 0.576465935835
42.5 0.250715901012 -0.519204931314 0.576569357251
43.0 -0.532911212577 -0.22006179641 0.576560105045
43.5 -0.182775027222 0.548109344938 0.577780723618
44.0 0.563582314586 0.139323085933 0.580547971823
44.5 0.0913544072294 -0.579200197632 0.586360381213
45.0 -0.593552457452 -0.0400718080555 0.594903580043
45.5 0.0125925937649 0.607070320509 0.60720091194
46.0 0.618462054712 -0.0648138499375 0.621848975446
46.5 -0.115048072313 -0.628751363248 0.639190375185
47.0 -0.637001421185 0.161133633239 0.657065337963
47.5 0.202440739955 0.644458183406 0.67550618306
48.0 0.650641949809 -0.236817157571 0.692399677189
48.5 -0.264676629089 -0.656484458203 0.707831591445
49.0 -0.661950474011 0.284195248287 0.72037862905
49.5 0.296567977644 0.667260850912 0.73019833506
50.0 0.672729766634 -0.300549132524 0.736814169229
50.5 -0.297658171415 -0.677788731694 0.740268837532
51.0 -0.682943844605 0.287381271688 0.740945537945
51.5 0.271142359236 0.687068124605 0.73863440674
52.0 0.690664667583 -0.249187829407 0.734242642028
52.5 -0.22261026841 -0.692452709234 0.727355543133
53.0 -0.692745387739 0.192304695947 0.718941769768
53.5 0.159012376552 0.690518334942 0.708590507125
54.0 0.685770740866 -0.12404659516 0.696899610273
54.5 -0.0879344365923 -0.678018385063 0.68369685945
55.0 -0.666923624291 0.0521175142132 0.668956916344
55.5 0.017100827673 0.65263660954 0.652860614848
56.0 0.634560733253 0.0158184407621 0.634757865059
56.5 0.0460109265912 -0.613392688447 0.615115920462
57.0 -0.588413923452 -0.0725168024014 0.592865610356
57.5 -0.0945493505479 0.560657677776 0.568574191586
58.0 0.52941612074 0.111576897593 0.541046054394
58.5 0.122757923417 -0.495813305766 0.510784046283
59.0 -0.459228611802 -0.128001918465 0.476734107264
59.5 -0.126627413788 0.420685789073 0.439330211857
60.0 0.379662768549 0.118970744289 0.397866630693
60.5 0.1047718397 -0.337022788038 0.352932710373
61.0 -0.292330204082 -0.0847875283922 0.304377846088
61.5 -0.0593808588595 0.24639614887 0.253450485454
62.0 0.198896603804 0.0297123340976 0.201103659346
62.5 -0.00321527711638 -0.15082909435 0.150863361057
63.0 -0.102061405628 0.037935228747 0.108883479458
63.5 0.0730533997137 0.0540079838 0.0908496644125
64.0 0.0067950786537 -0.107031849378 0.107247330387
64.5 -0.138543607942 0.0377123565082 0.143584654942
65.0 0.0791916916782 0.166309469737 0.184201421697
65.5 0.189526394317 -0.115595725509 0.221996905156
66.0 -0.146642876841 -0.207445980468 0.25404324069
66.5 -0.219996546581 0.170575289358 0.278378177749
67.0 0.187465458896 0.227024062276 0.294420147292
67.5 0.229055680249 -0.196260056322 0.301636394292
68.0 -0.197593079141 -0.226372440215 0.300478795613
68.5 -0.219765979006 0.191253130849 0.29133287763
69.0 0.178425850798 0.209699163168 0.275335292446
69.5 0.196926573084 -0.159580975603 0.253468268154
70.0 -0.136260446954 -0.181895554388 0.227272748279
70.5 -0.165195887484 0.109307207631 0.198085201066
71.0 0.0803528474916 0.147180594461 0.16768633661
71.5 0.128305636817 -0.0503281770604 0.137823299356
72.0 -0.0207144076717 -0.108843453918 0.11079704033
72.5 -0.0892097668646 -0.00765066071569 0.0895372275281
73.0 -0.0336072960047 0.0696479474698 0.077332314924
73.5 0.050606439026 0.0564909072617 0.075843485377
74.0 0.0755621438478 -0.032348818611 0.0821953991924
74.5 -0.0153733763699 -0.0903460565928 0.0916446978438
75.0 -0.100560509475 -6.59272269556e-06 0.100560509691
75.5 -0.0132818172848 0.105905576019 0.106735175562
76.0 0.106542344119 0.0240825798237 0.109230223571
76.5 0.0319697177697 -0.102321489056 0.107199580116
77.0 -0.0937923370888 -0.0365297079827 0.100654965411
77.5 -0.037498029145 0.0809383292749 0.0892026643973
78.0 0.0646100258603 0.0344439935318 0.0732177856268
78.5 0.0273799927736 -0.0449277751146 0.0526133916511
79.0 -0.0229338613069 -0.0158935465453 0.0279028101852
79.5 -0.000338012120231 -0.00107919783875 0.00113089352663
80.0 -0.0259990389095 -0.0196431862467 0.0325853462486
80.5 -0.0433720592766 0.0513041802101 0.0671807593952
81.0 0.0759384037564 0.0711178507551 0.104040328052
81.5 0.102005743756 -0.0991126594593 0.142226899792
82.0 -0.119958882521 -0.136197238728 0.181493309333
82.5 -0.172850736374 0.137465570478 0.220848726806
83.0 0.151096983343 0.211996024098 0.260331735693
83.5 0.253083214434 -0.159805011745 0.299313807244
84.0 -0.163528490592 -0.295940535307 0.338115908637
84.5 -0.340471924132 0.161499740346 0.376833248604
85.0 0.154204117186 0.386147702779 0.415799180036
85.5 0.433287580371 -0.141490103061 0.455804318285
86.0 -0.124278688363 -0.480792317034 0.49659484945
86.5 -0.529169402021 0.103218562409 0.539142214691
87.0 0.0793088892021 0.576629235182 0.582057707425
87.5 0.623592779696 -0.0539258469352 0.625920084241
88.0 -0.0276428285614 -0.667736060632 0.668307992351
88.5 -0.709244128423 0.00228749125562 0.709247817282
89.0 -0.0223848632829 0.745743661508 0.746079547222
89.5 0.777216551843 0.0444098698529 0.778484299777
90.0 0.06489276916 -0.801872050614 0.804493540711
90.5 -0.819621795555 -0.081956813832 0.823709176277
91.0 -0.0972372526064 0.829726873899 0.835405152345
91.5 0.832149811978 0.109067056094 0.839266901707
92.0 0.119114083952 -0.827297082431 0.835828108881
92.5 -0.81525128113 -0.125992534555 0.824929554657
93.0 -0.131007408503 0.797291983466 0.807983569129
93.5 0.77366098404 0.133099494419 0.785026619702
94.0 0.133076251025 -0.746051867826 0.757827604455
94.5 -0.714890063961 -0.130204387353 0.726650525381
95.0 -0.12491641799 0.681848036303 0.693196116617
95.5 0.647522878634 0.116739592852 0.657962013261
96.0 0.105996990453 -0.613294747701 0.622387186198
96.5 -0.579850812273 -0.0923650794921 0.587161197971
97.0 -0.0763217952416 0.548209841365 0.553497106224
97.5 0.518991153597 0.0575861204418 0.522176195148
98.0 0.0369418390136 -0.492941023321 0.49432332733
98.5 -0.470411218542 -0.0140996732502 0.470622476424
99.0 0.00986428311072 0.452035976699 0.45214359258
99.5 0.437720299157 -0.0352195920525 0.439134922272
100.0 -0.0607658781644 -0.428128681465 0.432419541467
100.5 -0.422620918545 0.0866630181876 0.431415020037
101.0 0.111853759922 0.421949104518 0.436522978104
101.5 0.424939635369 -0.136281374008 0.446258116575
102.0 -0.159318272246 -0.432372273732 0.460790727949
102.5 -0.442648604358 0.180612782236 0.478078198674
103.0 0.200183005243 0.456404383986 0.498375558499
103.5 0.471779685684 -0.217349875262 0.519439159191
104.0 -0.23283806411 -0.489030869417 0.541631567896
104.5 -0.506219809968 0.245635956091 0.562668213896
105.0 0.257027475384 0.523020230652 0.582763489568
105.5 0.537623143205 -0.265664530557 0.599680153837
106.0 -0.273058157939 -0.549076332017 0.613225550673
106.5 -0.555962968857 0.277536929987 0.621386812096
107.0 0.280455459337 0.556916666035 0.623547462171
107.5 0.551227182807 -0.279923960467 0.618230402608
108.0 -0.276909907424 -0.537547979537 0.604679193568
108.5 -0.516141112369 0.269573241495 0.5822983603
109.0 0.25855790259 0.486139750296 0.55062150867
109.5 0.448832667108 -0.242467030842 0.510138240194
110.0 -0.221925102356 -0.404065982906 0.460998990885
110.5 -0.353907453629 0.196322879804 0.404713675169
111.0 0.166578635017 0.298806769954 0.342102217787
111.5 0.241147042076 -0.132972342454 0.275378902169
112.0 -0.0968135863296 -0.181640843355 0.205830674275
112.5 -0.122518047266 0.0590752567984 0.136016755849
113.0 0.0212930999501 0.0644112603469 0.0678395648936
113.5 0.00909806500782 0.0152462954837 0.0177545575237
114.0 0.0490820691522 0.0430530324573 0.0652886905676
114.5 0.0908074044306 -0.0790020826939 0.120363257556
115.0 -0.103892812608 -0.134072121736 0.169614416659
115.5 -0.172101803991 0.122896245255 0.211476991738
116.0 0.135397302719 0.204995087035 0.245673391502
116.5 0.232382697791 -0.141028427605 0.271828504071
117.0 -0.13969454088 -0.254456548218 0.290280381154
117.5 -0.271112414386 0.131526891063 0.301332481334
118.0 0.116877836403 0.282566470848 0.305784628602
118.5 0.288904547208 -0.0962936068311 0.304529630929
119.0 -0.070448802604 -0.290336383162 0.29876119088
119.5 -0.287110208394 0.0401721093657 0.289907002563
120.0 0.00631504923591 0.279429741264 0.2795010915
120.5 0.267716282426 0.0301494592191 0.269408607448
121.0 0.0683338455489 -0.252188254106 0.261282280219
121.5 -0.233464368944 -0.107231464186 0.25691282272
122.0 -0.146034122993 0.211806075607 0.257269855876
122.5 0.1880360782 0.183767224788 0.26292196487
123.0 0.219775830265 -0.162475808865 0.273312648875
123.5 -0.136112174192 -0.253140567907 0.287413762864
124.0 -0.283390121728 0.10930582188 0.30373956573
124.5 0.0831051091835 0.309662933837 0.320620635276
125.0 0.331682001395 -0.0578286808674 0.336685470997
125.5 -0.0344285237986 -0.34866455731 0.350360238576
126.0 -0.360567936611 0.0130459976276 0.360803873269
126.5 -0.00562924681992 0.366766767087 0.366809964231
127.0 0.367566710102 0.021762688235 0.368210403132
127.5 0.0350169702899 -0.362638172126 0.364324899082
128.0 -0.352809176153 -0.045886839913 0.355780714563
128.5 -0.0543240564043 0.338172643512 0.342508160376
129.0 0.320208717153 0.060995218044 0.325966315998
129.5 0.0659336607405 -0.299419735813 0.306593257937
130.0 -0.277880233484 -0.0696839654438 0.286484343728
130.5 -0.0721457465918 0.256262470324 0.266224458771
131.0 0.2369335554 0.0734760972174 0.24806500466
131.5 0.0734070835869 -0.220337381447 0.232243754671
132.0 -0.208698491137 -0.0716341281253 0.220650194913
132.5 -0.0679491942058 0.20189309813 0.213020928704
133.0 0.201637184239 0.0617180779357 0.210871228981
133.5 0.0531598269926 -0.207170392403 0.213882067257
134.0 -0.219525827728 -0.0415124213784 0.223416360566
134.5 -0.0276945489335 0.23754670844 0.239155653772
135.0 0.261563692017 0.0109464874714 0.261792648043
135.5 -0.00710211626176 -0.290426781076 0.290513605915
136.0 -0.323790832702 0.0271734197526 0.324929066233
136.5 0.047180437429 0.360877500305 0.363948573156
137.0 0.400687385798 -0.0677955792309 0.406382358993
137.5 -0.0868753345617 -0.443007488236 0.451445410197
138.0 -0.486235478393 0.104992186896 0.49744175514
138.5 0.120345586411 0.530716886871 0.544190659768
139.0 0.574383377212 -0.133330317146 0.589655185246
139.5 -0.142769155452 -0.617980280527 0.634257565086
140.0 -0.659203865877 0.148834329068 0.67579685875
140.5 0.151071334448 0.698977768496 0.71511710156
141.0 0.735031632063 -0.149470021458 0.750075187863
141.5 -0.144217163122 -0.768279031158 0.781697678042
142.0 -0.796703812346 0.135245700256 0.808101704023
142.5 0.123176211011 0.82112683518 0.830314192587
143.0 0.839893017634 -0.108039584572 0.846813340061
143.5 -0.0906456350045 -0.853780632946 0.858579058875
144.0 -0.86147877448 0.0712273945178 0.864418313439
144.5 0.0505959497996 0.863879229425 0.865359620718
145.0 0.859922771945 -0.0291830994323 0.860417821178
145.5 -0.00773802334355 -0.850803042645 0.850838230441
146.0 -0.835617052414 -0.0132197479437 0.835721616341
146.5 -0.032923823556 0.81598013473 0.816644083081
147.0 0.791095917274 0.050932474389 0.792733793448
147.5 0.0662897747511 -0.762956784737 0.76583117566
148.0 -0.730866242056 -0.0787882317706 0.735100706871
148.5 -0.0871305736439 0.696937831461 0.702363209305
149.0 0.660577675098 0.0914671355391 0.666880125451
149.5 0.090169137692 -0.62360351646 0.630088739094
150.0 -0.585530736686 -0.0838570852186 0.591505075503
150.5 -0.0708294794501 0.547466203666 0.552029038472
151.0 0.509098518569 0.0522847427577 0.511776314355
151.5 0.0269004202716 -0.470623347852 0.47139152321
152.0 -0.432079996726 0.00351802012616 0.432094318449
152.5 0.039480843237 0.392892425312 0.394871111694
153.0 0.353694430284 -0.0787491673289 0.36235504877
153.5 -0.120852806765 -0.313542168446 0.336026921982
154.0 -0.273801210064 0.163534679338 0.31892114069
154.5 0.205541337631 0.233588274834 0.311144216747
155.0 0.194865851399 -0.245111512732 0.31313312459
155.5 -0.280652994831 -0.157036335425 0.321599928718
156.0 -0.122258745612 0.311269257483 0.334418527496
156.5 0.335490328461 0.0901808987454 0.347399417083
157.0 0.0626808188396 -0.353353621695 0.358869986228
157.5 -0.36381263255 -0.0394461653247 0.365944847704
158.0 -0.0217357828595 0.367641932735 0.368283905379
158.5 0.364312330651 0.00905547689686 0.364424856351
159.0 0.00194589468287 -0.355025307249 0.355030639936
159.5 -0.339702044051 0.000400700875708 0.339702280377
160.0 -0.00194499125193 0.319690797497 0.319696714082
160.5 0.295215058727 0.00785978623058 0.295319669407
161.0 0.0168780266381 -0.267589047947 0.268120805542
161.5 -0.237183154001 -0.0276751232313 0.238792296752
162.0 -0.0396234440443 0.205197953218 0.208988557875
162.5 0.17203679535 0.0513797628424 0.179545367481
163.0 0.0623431782966 -0.138775128654 0.152135492943
163.5 -0.105794564528 -0.0713445800601 0.127603052423
164.0 -0.0779275808765 0.0740607581819 0.107506761479
164.5 0.0439298745495 0.0812482786383 0.0923640441926
165.0 0.0810408259452 -0.0162655134014 0.0826570166175
165.5 0.00857869222362 -0.076861986009 0.0773392452349
166.0 -0.0686252299456 -0.0298629582428 0.0748412884717
166.5 -0.047218856535 0.0562763776555 0.0734619023338
167.0 0.0398624182531 0.0600919080452 0.0721113708197
167.5 0.0681195414734 -0.0196348915478 0.0708928832581
168.0 0.00427579079474 -0.0710336644762 0.0711622363044
168.5 -0.0685551247972 -0.0314227252001 0.0754134788679
169.0 -0.0616072099562 0.0608254578498 0.0865747344277
169.5 0.047767003912 0.0942599852536 0.105672283418
170.0 0.129058583369 -0.0300271475332 0.132505650937
170.5 -0.00782066561272 -0.165297499421 0.165482404278
171.0 -0.202408850192 -0.0177098283858 0.203182136659
171.5 -0.0460919215285 0.239466791488 0.243862275589
172.0 0.275549493841 0.0758691543223 0.285803520156
172.5 0.106529349453 -0.30946282627 0.327285415407
173.0 -0.339965024881 -0.136623514225 0.366390778789
173.5 -0.165935491062 0.365719885738 0.401603812256
174.0 0.385415771853 0.193329017783 0.431186069243
174.5 0.219152754972 -0.397919393327 0.454277199073
175.0 -0.402228519613 -0.242683966429 0.469769400399
175.5 -0.264860783624 0.397849699236 0.477949388413
176.0 0.384379654243 0.285212499095 0.47863753325
176.5 0.305028231224 -0.362270691851 0.473584497231
177.0 -0.331737807004 -0.323803981082 0.463571990915
177.5 -0.342830955949 0.294210011203 0.451766084439
178.0 0.250274381051 0.361379628257 0.439582189732
178.5 0.380467901878 -0.20212316421 0.430824323675
179.0 -0.15036562846 -0.39915944805 0.426542011049
179.5 -0.418074900837 0.0976359120694 0.429324345961
180.0 0.0442827767749 0.436263356356 0.438505051759
180.5 0.453940453137 0.00693222082044 0.453993381758
181.0 0.0560565652489 -0.470392444464 0.473720793629
181.5 -0.48547165462 -0.100470262244 0.495759015082
182.0 -0.140609045537 0.498912761497 0.518348191152
182.5 0.510261027751 0.174226170312 0.53918556626
183.0 0.202032228707 -0.519811949011 0.557693001365
183.5 -0.526878911668 -0.222354591288 0.571876692852
184.0 -0.236008589192 0.532304587017 0.582278479365
184.5 0.535281295021 0.242045839911 0.587462554906
185.0 0.241215639859 -0.537056948359 0.588740308364
185.5 -0.536847417662 -0.233353764202 0.585370932928
186.0 -0.219030645505 0.536063713269 0.579084387938
186.5 0.534090135313 0.198804814134 0.569890890225
187.0 0.173057270964 -0.532220562762 0.559649485357
187.5 -0.530101273338 -0.142891973075 0.549022290954
188.0 -0.108600286442 0.528676336744 0.539715379851
188.5 0.527858627817 0.0715867041814 0.532690704984
189.0 0.0322210012268 -0.528139607945 0.529121572421
189.5 -0.529618246865 0.00803640387317 0.529679215374
190.0 0.0485887173399 0.532403292159 0.534615870466
190.5 0.53665795801 -0.0881165969064 0.543844002032
191.0 -0.125770329755 -0.542321568898 0.556714343212
191.5 -0.549505793178 0.160518315273 0.572470738356
192.0 0.191418928513 0.558227537041 0.59013489077
192.5 0.568444877427 -0.21784549173 0.6087579461
193.0 -0.239078445317 -0.580383153077 0.627696668296
193.5 -0.593726569403 0.254972483196 0.646159582767
194.0 0.265348795182 0.608824431858 0.664136410635
194.5 0.624940845128 -0.27050890125 0.680974394207
195.0 -0.270946797388 -0.642290864597 0.697100940868
195.5 -0.659629718743 0.267198207866 0.711692523592
196.0 0.260277340299 0.676788360391 0.725111562888
196.5 0.692122684429 -0.250612648854 0.736098166053
197.0 -0.239386971148 -0.705034502531 0.744566834955
197.5 -0.713842346038 0.226642745821 0.748957828739
198.0 0.213391504034 0.717732443025 0.748782874914
198.5 0.715460329493 -0.199269132538 0.742692177326
199.0 -0.184956857223 -0.706345186266 0.730159271115
199.5 -0.689909845835 0.169939799167 0.710531583198
