0 -1.0 0.0 1.0
1 0.00263183111888 0.993587011613 0.993590497228
2 0.977546087714 -0.00415953578641 0.97755493725
3 -0.00358988748561 -0.94954593198 0.949552717985
4 -0.913439325849 0.000170247115299 0.913439341714
5 -0.0065871762233 0.867635117273 0.867660122177
6 0.816162276853 0.0168107097171 0.816335385806
7 0.0303611259153 -0.757851945854 0.758459866968
8 -0.696400829485 -0.0467690845686 0.697969528403
9 -0.065427199423 0.63077905233 0.63416317402
10 0.564025518841 0.0855043202187 0.570469784195
11 0.106215699455 -0.495126545824 0.506391223453
12 -0.426383993838 -0.126639299807 0.4447930108
13 -0.14607652353 0.356815172664 0.385558579427
14 0.288088951366 0.163699026162 0.331349686986
15 0.179055214118 -0.219309134247 0.283120585735
16 -0.151702324622 -0.191483712736 0.244294100499
17 -0.200843152292 0.0844744143343 0.217885058
18 0.0186186694996 0.206637026265 0.207474132068
19 0.209037024159 0.0466075779255 0.214169894685
20 0.110250220923 -0.207681428109 0.235131211869
21 -0.203030126137 -0.173097776509 0.26680343392
22 -0.234070276118 0.19483005125 0.304544977027
23 0.183793571114 0.294104944556 0.346810892556
24 0.35186882058 -0.169765202471 0.39068131625
25 -0.153667068992 -0.408515713312 0.436461517336
26 -0.46237585729 0.135439675805 0.481804254015
27 0.11616091393 0.514827073709 0.527769148159
28 0.563823568299 -0.0958586988118 0.571914247338
29 -0.0756921099005 -0.610911335655 0.615582614709
30 -0.653674320977 0.055740242223 0.656046562758
31 0.0371377938869 0.69372937362 0.694722721348
32 0.728347871266 -0.0199358152265 0.728620654598
33 -0.00510573371703 -0.759121534154 0.759138704147
34 -0.783135808664 -0.00744814864345 0.783171226316
35 -0.0170702103089 0.801914294603 0.802095959327
36 0.812568878146 0.0241261035801 0.812926965111
37 0.0283914386856 -0.816601329367 0.817094734357
38 -0.811438579688 -0.0305644242388 0.812014010123
39 -0.030860290653 0.798686584242 0.799282564171
40 0.776390258455 0.0302450641638 0.776979148582
41 0.029226493601 -0.7463950656 0.746967055419
42 -0.707570383202 -0.0288288101601 0.708157431282
43 -0.0295730326061 0.662041320406 0.662701497042
44 0.609504078249 0.0322574460509 0.610357079281
45 0.037115389925 -0.552239046423 0.553484883771
46 -0.490540568136 -0.0444996345159 0.492554835992
47 -0.0541771206606 0.426586950634 0.430013472875
48 0.360903291506 0.0660230701271 0.366892670422
49 0.0793619291531 -0.295303968943 0.305782193517
50 -0.230199897398 -0.0937636571219 0.248563102972
51 -0.108295824479 0.166913649584 0.198967716017
52 0.105542215065 0.122499314134 0.161694901355
53 0.135409120292 -0.0469734365257 0.143325272012
54 0.00904807509852 -0.146779433553 0.147058049005
55 -0.155766837935 -0.0618839409448 0.167609456616
56 -0.112085371717 0.16246414848 0.197377126573
57 0.166200719296 0.159053921338 0.230045275952
58 0.20356023912 -0.167414567711 0.263561014629
59 -0.165587603521 -0.244892066743 0.295620328789
60 -0.283978895564 0.161436317414 0.326658380738
61 0.154551929144 0.31992555788 0.35530080409
62 0.353772506961 -0.145837149806 0.382653186247
63 -0.134957021217 -0.384447430931 0.407447204832
64 -0.413050107202 0.122911290433 0.430949621621
65 0.109418068521 0.438386198145 0.451834895114
66 0.461550020975 -0.0954976471846 0.471326025676
67 -0.0809080870789 -0.481304028609 0.488057052516
68 -0.498663038051 0.0666251238366 0.503094158826
69 0.0524314070731 0.512429911544 0.515105296704
70 0.523470384301 -0.0391997579313 0.524936057308
71 -0.0267140745526 -0.530705931458 0.531377857521
72 -0.534805213553 0.0156903253811 0.535035328511
73 0.00588349270637 0.534878294664 0.534910651968
74 0.531384703518 0.00219304198924 0.531389228877
75 0.00884210153711 -0.523685264918 0.523759906305
76 -0.51206031034 -0.0137800023043 0.512245692894
77 -0.0173826058229 0.496173784913 0.49647817658
78 0.476192734627 0.0195915690072 0.47659558337
79 0.0208463581689 -0.452118762363 0.452599100673
80 -0.424090101915 -0.0212703404889 0.424623176389
81 -0.021328940223 0.392450662887 0.39302982901
82 0.357390191808 0.021246896934 0.358021200252
83 0.0214553311202 -0.319559454026 0.320278903287
84 -0.279254727843 -0.0221752861676 0.28013380078
85 -0.0237323947617 0.237352896016 0.238536420298
86 0.194268761184 0.0262326509339 0.196031894209
87 0.0298316742799 -0.150977915189 0.153896912461
88 -0.107970189106 -0.0344304644353 0.113327042743
89 -0.0399850789786 0.0661532445408 0.0772985013063
90 0.0259989239669 0.04616130868 0.0529793399967
91 0.0527536472063 0.011826519548 0.054063054466
92 0.0469717769349 -0.0592513729753 0.0756113287007
93 -0.065399833385 -0.0791314324477 0.102659250962
94 -0.108126650756 0.0706446104985 0.129158947023
95 0.0748247226717 0.134023505819 0.153496056089
96 0.15678437188 -0.0774843889293 0.174886162385
97 -0.0786563585791 -0.176747830597 0.193459603963
98 -0.193929893038 0.0780658606119 0.209052821093
99 0.0759507702258 0.208790604851 0.222175687625
100 0.221317970365 -0.0722171356519 0.232802402668
101 -0.0672428352972 -0.231959981559 0.241509900302
102 -0.24064597668 0.0610611948246 0.248271938821
103 0.0540966411764 0.247731629024 0.253569332936
104 0.253110013588 -0.0464475598017 0.257336462224
105 -0.0385058712755 -0.257013565583 0.25988204058
106 -0.259347996267 0.0303910610156 0.261122576116
107 0.0224145782178 0.260220359688 0.261183936935
108 0.259596087906 -0.0146944752345 0.260011646774
109 -0.00744111545451 -0.257467339737 0.257574845881
110 -0.253889156451 0.000761046725705 0.253890297088
111 -0.00523967621819 0.248756022266 0.248811199146
112 0.242222766378 0.0104727576215 0.24244906105
113 0.0149294986631 -0.23411020221 0.234585755554
114 -0.224667713886 -0.018547455262 0.225432006955
115 -0.0214011072566 0.213673454476 0.214742526156
116 0.201456568599 0.0234617853876 0.202818156005
117 0.0248667267354 -0.187788062093 0.189427322114
118 -0.173057368216 -0.0256264669707 0.174944472629
119 -0.0259157581492 0.157063476962 0.159187192688
120 0.140235554426 0.0257844678389 0.142586287934
121 0.0254172152023 -0.1224301708 0.125040719571
122 -0.104097340871 -0.0248960472955 0.10703303017
123 -0.0243874030417 0.0851714025962 0.0885940926209
124 0.0661073548209 0.0239893915791 0.0703254809423
125 0.0238221240279 -0.0469246013286 0.0526252012163
126 -0.028068014142 -0.0239736614501 0.0369127330497
127 -0.0244900825959 0.00963109059306 0.0263158137165
128 -0.00797265159606 0.0254166150181 0.0266377080931
129 0.0267042632914 0.0246110621566 0.0363155897434
130 0.0399357413903 -0.0283282623718 0.0489627806542
131 -0.0301447237356 -0.0538348425539 0.0617000376167
132 -0.066066774664 0.0320561763639 0.0734330794505
133 0.0338598631089 0.0766051671855 0.0837546534186
134 0.0853438685485 -0.0354186018834 0.0924015868814
135 -0.036540372243 -0.092382706499 0.099346682198
136 -0.0977407905061 0.0371051206522 0.104546889515
137 0.0370070889462 0.101636706153 0.10816443348
138 0.104158807504 -0.0361910325828 0.110267166555
139 -0.0346807366863 -0.105593676701 0.111143052218
140 -0.10602072193 0.0324942685655 0.110888552016
141 0.0297761702712 0.105732760437 0.109845513999
142 0.104738695271 -0.0265847307226 0.108059900956
143 -0.02313735188 -0.103298917651 0.105858412231
144 -0.101331646005 0.0194829273455 0.103187629782
145 0.015856403612 0.0990603991027 0.100321424461
146 0.0963305042951 -0.0122607585833 0.0971076323406
147 -0.00891046315401 -0.0933452592351 0.0937695780906
148 -0.089911856659 0.00575247536278 0.0900956876919
149 0.00296529132676 0.0862310819274 0.0862820516853
150 0.08210421421 -0.000451022629771 0.0821054530007
151 0.00164905890417 -0.0777368004285 0.0777542895031
152 -0.0729456368086 -0.00345790912367 0.0730275500405
153 -0.00486824753876 0.0679377338278 0.0681119336956
154 0.0625568815512 0.00600975033813 0.0628448926209
155 0.00680613635306 -0.0570032713637 0.0574081565478
156 -0.0511529298255 -0.00738114125867 0.0516827193171
157 -0.00768676948582 0.0451914173723 0.0458404911541
158 0.0390287134084 0.00783394539665 0.0398071748657
159 0.00779890068799 -0.0328313016944 0.0337448843959
160 -0.0265423559187 -0.00767702468785 0.0276302979675
161 -0.00746225747484 0.0203087293468 0.0216363068545
162 0.0141037036025 0.00723386915333 0.015850656713
163 0.0069944345494 -0.00805687499044 0.0106693649894
164 -0.00216601163196 -0.00680687225697 0.0071431867057
165 -0.00667145756041 -0.00345316101352 0.00751216792715
166 -0.00878704761334 0.00663386538995 0.0110100125237
167 0.00668080175394 0.0137318807892 0.0152708107868
168 0.0182704778104 -0.00683968039456 0.0195087566831
169 -0.00707475947056 -0.0223126898522 0.0234074421928
170 -0.0258530593018 0.00739641161644 0.026890287839
171 0.00774355006614 0.0288203442228 0.0298425000419
172 0.031236270042 -0.0081158919682 0.0322733987764
173 -0.00843263951012 -0.0330543532311 0.0341130426177
174 -0.0343338531265 0.00869523648218 0.0354178007221
175 0.00881634924851 0.0350544978658 0.0361461731681
176 0.035313307164 -0.00881430929092 0.0363967266541
177 -0.00861079771222 -0.0351097612303 0.0361502582409
178 -0.0345674301901 0.00825267371921 0.0355389061939
179 0.00768164283396 0.0336919945456 0.0345565931928
180 0.0326148255307 -0.00697536750516 0.033352400157
181 -0.00609726063552 -0.0313323822441 0.0319201310202
182 -0.0299649851193 0.00514686590495 0.0304037918991
183 0.00410173579855 0.028489465919 0.028783222629
184 0.0270033530479 -0.00306672348871 0.0271769363393
185 -0.00202166815225 -0.0254630956736 0.025543225783
186 -0.0239419296252 0.00105977563738 0.0239653733245
187 0.000153904763843 0.022384298297 0.0223848273821
188 0.0208453689204 0.000624898603425 0.0208547333642
189 0.00131311780492 -0.0192697934465 0.0193144820754
190 -0.0177027464194 -0.0018634989039 0.0178005578271
191 -0.00231803116981 0.0160988745163 0.016264901758
192 0.0144984982974 0.00264847518561 0.0147384148974
193 0.00289643040645 -0.0128703770446 0.0131922672187
194 -0.0112511401908 -0.00304587734312 0.0116561367692
195 -0.00313393355085 0.00962277187788 0.0101202410107
196 0.00801725975678 0.00315105448066 0.00861426713933
197 0.00312889135711 -0.00642646987174 0.00714769026588
198 -0.00487694673309 -0.00306046540174 0.00575769553838
199 -0.00297315563453 0.00336679958448 0.00449165825383
200 0.0019175254418 0.00285994633514 0.00344328286085
201 0.0027457042117 -0.000530465561319 0.00279647730723
202 0.000776561099244 -0.00262142839658 0.00273403254905
203 -0.00251066453782 -0.00200133675675 0.0032107297045
204 -0.00312817546211 0.00240086855368 0.00394330464633
205 0.00231454933563 0.00415595442822 0.0047570049229
206 0.00507015037135 -0.00223454416849 0.00554072309623
207 -0.00218197771297 -0.00587253183118 0.0062647950364
208 -0.00654972324448 0.00213475308884 0.00688883483106
209 0.00211220667746 0.00710799769316 0.00741519037208
210 0.00753595911064 -0.00208804036118 0.00781988441521
211 -0.00207988483089 -0.00784553811161 0.00811655032452
212 -0.00802843985285 0.00205910273342 0.00828828996462
213 0.00204238005644 0.00810249031224 0.00835593594727
214 0.0080631696518 -0.00200139418268 0.00830784469692
215 -0.00195301463588 -0.0079331826914 0.00817004613102
216 -0.00771152255635 0.00187194260891 0.00793547410481
217 0.00177610921849 0.00742360463111 0.00763311664231
218 0.00707078591241 -0.00164521463059 0.00725966559835
219 -0.00149839589747 -0.00667844621825 0.00684447471729
220 -0.00624872973408 0.0013211612382 0.00638686858382
221 0.00113319050348 0.00580436537673 0.00591394776303
222 0.00534677601756 -0.000925447807864 0.00542627564975
223 -0.000716900219706 -0.00489406565464 0.00494629402249
224 -0.00444584470197 0.000502669248084 0.00447417159785
225 0.000299435166453 0.00401457324836 0.00402572475281
226 0.00359767250789 -0.000104542666783 0.00359919110957
227 6.91391277397e-05 -0.00320213214453 0.00320287846944
228 -0.00282374105166 -0.00022407172838 0.00283261745851
229 -0.00035208990321 0.00246538144064 0.00249039614274
230 0.00212252759638 0.000456853542279 0.00217113761804
231 0.000534624168703 -0.00179597794177 0.0018738622599
232 -0.00148227544187 -0.000590552966406 0.00159558556389
233 -0.000623901549633 0.00118192231587 0.00133648550474
234 0.000893206393049 0.000640719820744 0.00109924499056
235 0.000641379999282 -0.000617238772093 0.000890141564727
236 -0.000353782205503 -0.000632034776784 0.000724313335508
237 -0.00061265093996 0.000104595797873 0.000621515450465
238 -0.000129906152527 0.000589030575608 0.000603185400574
239 0.000559998062309 0.000347671578175 0.00065914592926
240 0.000548429479948 -0.00053096348165 0.000763345998432
241 -0.000499528996951 -0.000730151898123 0.000884675654196
242 -0.000893149679905 0.000470832885693 0.00100965338457
243 0.00044149148403 0.00103556595827 0.0011257493435
244 0.00115838515726 -0.000416415211605 0.00123095808256
245 -0.00039153304787 -0.00125998414774 0.00131941584807
246 -0.00134193397883 0.000371436539809 0.00139239071623
247 0.00035164634045 0.00140293222379 0.00144633121148
248 0.00144501377839 -0.000336288363311 0.00148362888993
249 -0.000320752715013 -0.00146733192606 0.00150198045441
250 -0.00147227665883 0.000308600659017 0.00150427156022
251 0.000295390885949 0.00145958526927 0.00148917592438
252 0.00143189007125 -0.000284118567771 0.00145980565032
253 -0.000270811178753 -0.00138956041364 0.00141570365462
254 -0.00133532447775 0.000257975078761 0.00136001566246
255 0.000242351536884 0.00127011528054 0.00129303019813
256 0.00119657769073 -0.000226059308307 0.00121774421814
257 -0.000206690771558 -0.00111604500774 0.00113502314265
258 -0.00103090132285 0.000186060248727 0.0010475571362
259 0.000162628386641 0.000942676057208 0.000956601349035
260 0.000853351358341 -0.00013796538908 0.000864432177424
261 -0.000111322584776 -0.000764449639349 0.000772512762989
262 -0.000677450338084 8.4074702514e-05 0.000682647431822
263 5.6116766212e-05 0.000593678604743 0.000596324892302
264 0.000514036893386 -2.86550448904e-05 0.000514834963225
265 -2.01229626341e-06 -0.000439486561471 0.000439491168341
266 -0.000370315818404 -2.27986084805e-05 0.000371016956363
267 -4.53107018738e-05 0.000307022023799 0.000310347519407
268 0.000249326549715 6.4786340211e-05 0.000257606285387
269 8.09164310783e-05 -0.000197285651197 0.000213234839993
270 -0.000150225092138 -9.33231774221e-05 0.000176852463235
271 -0.000102077224976 0.000107918010586 0.000148546480496
272 6.95612760572e-05 0.000107163478417 0.000127760644305
273 0.000109085559877 -3.48697457065e-05 0.000114523179048
274 -3.17233383264e-06 -0.000108068676772 0.00010811522835
275 -0.000104926725359 -2.56974310682e-05 0.000108027661541
276 -5.21339716002e-05 9.99214503946e-05 0.000112704246787
277 9.39650242901e-05 7.61365817707e-05 0.000120938847661
278 9.78348428378e-05 -8.71743267574e-05 0.000131038237621
279 -8.03766245279e-05 -0.000117131312358 0.000142056841106
280 -0.000134006132857 7.34686984409e-05 0.000152824387105
281 6.71060757354e-05 0.000148375466525 0.000162845032062
282 0.000160196057607 -6.10033394528e-05 0.000171418156265
283 -5.56429832103e-05 -0.000169471004477 0.000178371979131
284 -0.000176208523192 5.06524554765e-05 0.000183344252408
285 4.63746579948e-05 0.000180510762016 0.000186372594841
286 0.000182455781574 -4.24396343545e-05 0.000187326545887
287 -3.90799608065e-05 -0.000182217655386 0.000186361254747
288 -0.000179932719522 3.59830067867e-05 0.000183495395942
289 3.32877547035e-05 0.000175812229242 0.000178935783354
290 0.000170033759833 -3.07610870706e-05 0.000172793877093
291 -2.84614861674e-05 -0.000162819812602 0.000165288679499
292 -0.000154375591601 2.62388325402e-05 0.000156589589741
293 2.40884102834e-05 0.000144918336904 0.000146906691069
294 0.000134669372377 -2.19379066594e-05 0.000136444536735
295 -1.97411805937e-05 -0.000123828968709 0.000125392693976
296 -0.000112622666593 1.74937189503e-05 0.000113973221563
297 1.51303864633e-05 0.000101224230316 0.000102348783078
298 8.98509144403e-05 -1.27012499733e-05 9.0744193074e-05
299 -1.01420956158e-05 -7.86422095995e-05 7.92935005796e-05
