0 -1.0 0.0 1.0
1 0.00147506207592 0.996136579468 0.996137671591
2 0.984710588921 -0.00188708559519 0.984712397112
3 -0.000272692368428 -0.966196185788 0.96619622427
4 -0.94132488925 -0.00414697137136 0.941334023869
5 -0.0119077192769 0.911008587165 0.911086406257
6 0.87625107452 0.0232761874205 0.876560167072
7 0.0382558677481 -0.838061645138 0.83893434336
8 -0.797381959447 -0.0566197501776 0.799389633009
9 -0.0779606581047 0.755033280009 0.759047507165
10 0.711686500061 0.101749390876 0.718923231585
11 0.127391877831 -0.667853342128 0.67989468091
12 -0.623894384792 -0.154278944791 0.642686701419
13 -0.181825132565 0.580038376597 0.607869144765
14 0.536407393047 0.209495585318 0.57586568884
15 0.236821932318 -0.493043342777 0.546970168732
16 -0.44993265927 -0.263409199779 0.521367245237
17 -0.288936201572 0.407027348796 0.499154676676
18 0.364261674065 0.313151766104 0.480365065139
19 0.335868776599 -0.321564545243 0.464985582412
20 -0.278868173004 -0.356957510911 0.452974748204
21 -0.3763392839 0.236113773126 0.444275781994
22 0.193255176563 0.393980982616 0.438826364217
23 0.409890760943 -0.150261163543 0.436564832729
24 -0.10711725821 -0.424114917444 0.437432932236
25 -0.436735795617 0.0638276236555 0.441375260651
26 0.0204175987418 0.447870393735 0.44833555282
27 0.457669228925 0.0230626853463 0.458249943328
28 0.0665332958874 -0.466314852755 0.471037388496
29 -0.474019261415 -0.109877955686 0.486587531014
30 -0.152936074103 0.481019298542 0.504746479266
31 0.487569050841 0.1954938114 0.525301256075
32 0.23727510048 -0.49392824797 0.547964038465
33 -0.500345881017 -0.277934105417 0.572357726955
34 -0.317051168516 0.507038735979 0.598004785299
35 0.514165363704 0.354134749846 0.624321585628
36 0.388631997007 -0.521797172705 0.650620564185
37 -0.529889718054 -0.41995017211 0.676122222941
38 -0.447490020731 0.538258602854 0.699978315521
39 0.546565305216 0.470690245237 0.721306411886
40 0.489079729878 -0.554318229927 0.739234524496
41 -0.560892984996 -0.50233153246 0.752952793422
42 -0.510310619093 0.565573200036 0.761767663108
43 0.567609463236 0.513106645799 0.765152881925
44 0.511044339374 -0.566289936315 0.762791327151
45 -0.561012981421 -0.504667265893 0.754602289015
46 -0.494695432722 0.551350729241 0.740750428816
47 0.537093533878 0.481962143192 0.72163492959
48 0.467339497297 -0.518268597104 0.697859974836
49 -0.495130880979 -0.451663832802 0.670190127621
50 -0.435671777143 0.468129486952 0.639495984313
51 0.437856671951 0.419954742043 0.606696341292
52 0.404935561166 -0.404988723279 0.572702955013
53 -0.370227802053 -0.390866714539 0.538372932035
54 -0.377846214007 0.334251991955 0.504472155391
55 0.297677943576 0.365845318691 0.471651306899
56 0.354741877272 -0.261037538885 0.44043432677
57 -0.224767575207 -0.344353925529 0.411217811983
58 -0.334469681244 0.189209922021 0.384279016162
59 0.154618964574 0.324871759529 0.359789777989
60 0.315354903271 -0.1211732317 0.337833786199
61 -0.0889886377635 -0.305737590387 0.31842495478
62 -0.295868505537 0.0581314884539 0.301525193837
63 0.0286301121988 0.28562911496 0.287060402419
64 0.274933570505 -0.000484571387343 0.274933997534
65 0.0263256610557 -0.263727004618 0.265037682972
66 -0.251983051539 -0.051835897498 0.257259438179
67 -0.076091988706 0.239701200072 0.251488878603
68 0.226904380825 0.0991472522199 0.24762022466
69 0.121060178838 -0.2136370257 0.245553142213
70 -0.199963706081 -0.141892531001 0.24519170888
71 -0.161707468323 0.185968347876 0.246441741032
72 0.171753923283 0.18056736164 0.249206705874
73 0.198530990705 -0.157442418921 0.253382457061
74 -0.143174770117 -0.215649872806 0.258851081589
75 -0.231963556721 0.129110331803 0.265474234955
76 0.115425338653 0.247493858249 0.273086467395
77 0.262238227023 -0.102309716835 0.281489193169
78 -0.0899615881914 -0.276162725247 0.290446101998
79 -0.289195450951 0.0785789085005 0.299680919833
80 0.0683479588334 0.301221600911 0.308878449122
81 0.312081651912 -0.0594288973588 0.317689709153
82 -0.0519392656705 -0.321574220695 0.325741717829
83 -0.329464912925 0.0459371424043 0.332651995186
84 0.0414063765153 0.335501799162 0.338047252995
85 0.339437066375 -0.0382467762915 0.34158503762
86 -0.0362720348891 -0.341053034309 0.342976431736
87 -0.340189392162 0.0352173803488 0.342007436203
88 0.0347574673668 0.336767589215 0.338556480787
89 0.330808164503 -0.0345331284408 0.332605740573
90 -0.0341837200972 -0.322437617739 0.324244574439
91 -0.31188312268 0.0333804570921 0.313664370192
92 0.0318557412192 0.299455590414 0.301145212279
93 0.28552374146 -0.0294242139158 0.287035871106
94 -0.0259929114581 -0.270483379527 0.27172944273
95 -0.254726606849 0.0215600222467 0.2556373971
96 0.0162037712718 0.238615221732 0.239164767986
97 0.222461237523 -0.0100644056623 0.222688783871
98 -0.00332287315786 -0.206515790372 0.206542521431
99 -0.190966115233 -0.00382041295175 0.191004326449
100 -0.0111641188929 0.175939101452 0.176292952129
101 0.16150933815 0.0185203045345 0.162567733544
102 0.0257240026661 -0.147709493525 0.149932714211
103 -0.134541192165 -0.0326383690951 0.13844347412
104 -0.0391562075819 0.121985071938 0.128115441567
105 0.11000925117 0.0451988750566 0.11893264333
106 0.050713549243 -0.0985759064421 0.110856093237
107 -0.0876460000708 -0.0556696828424 0.10383128101
108 -0.0600552558113 0.0771823997292 0.0977944608786
109 0.0671517236587 0.0638732265206 0.0926776297521
110 0.0671384051839 -0.0575252574082 0.0884122202555
111 -0.0482792543365 -0.0698748401287 0.0849316176833
112 -0.0721137175689 0.0393948776215 0.0821726514384
113 0.0308579829033 0.0738917201953 0.0800762225775
114 0.0752497589562 -0.0226588868738 0.0785872214634
115 -0.0147922212331 -0.0762319765447 0.0776538734187
116 -0.0768849132848 0.00725693271999 0.0772266337692
117 5.64554442481e-05 0.0772567220221 0.0772567426495
118 0.0773963168531 0.00680095237015 0.0776945481714
119 0.0133017525367 -0.0773523425095 0.0784877156774
120 -0.0771718610537 -0.0194266402746 0.0795794602323
121 -0.0251501633155 0.0768986765301 0.0809069661208
122 0.0765712636572 0.0304406320389 0.0824001850544
123 0.0352605452586 -0.0762203395908 0.0839812253976
124 -0.0758662197115 -0.0395677705503 0.0855645473291
125 -0.0433176879235 0.0755162219897 0.0870581522353
126 0.0751625100736 0.0464664130024 0.088365889674
127 0.0489750515773 -0.0747808599364 0.0893908982493
128 -0.0743308568009 -0.0508147106729 0.0900400527184
129 -0.0519717370358 0.0737579383092 0.0902291245338
130 0.0729974752253 0.052452432782 0.0898882033085
131 0.0522863850334 -0.0719807367016 0.0889668056972
132 -0.0706421826155 -0.0515276086329 0.0874380490182
133 -0.0502529686196 0.068927158665 0.0853013133353
134 0.0667988520773 0.0485577928349 0.0825829636417
135 0.0465491124239 -0.06424338328 0.0793349365835
136 -0.0612721864692 -0.0443374453 0.0756312758748
137 -0.0420283324729 0.0579213152757 0.0715629757187
138 0.0542478775738 0.0397148657408 0.0672317096471
139 0.0374722034765 -0.0503243078788 0.0627431430267
140 -0.0462315025421 -0.0353546350874 0.0582005330685
141 -0.033395250435 0.0420519117208 0.05369921816
142 0.0378635194045 0.0316078284901 0.0493224180627
143 0.0299902726683 -0.0337353259316 0.0451385497156
144 -0.0297245797464 -0.0285288223497 0.0412000527398
145 -0.027202338332 0.0258756796194 0.0375435481341
146 0.0222204436164 0.0259861360819 0.0341910424377
147 0.0248550569548 -0.0187793340422 0.031151841732
148 -0.0155632227593 -0.0237856682258 0.0284248468
149 -0.0227576344092 0.0125753451824 0.0260009467205
150 0.00981318753528 0.021754394244 0.0238652952742
151 0.0207633158345 -0.00727015124269 0.0219993268882
152 -0.00493692238432 -0.0197755012122 0.02038243486
153 -0.0187853871696 0.00280253523454 0.0189932876263
154 0.000855156978674 0.0177902551755 0.0178107965198
155 0.0167897288049 0.000917360138883 0.0168147715705
156 0.00252710714942 -0.0157853075322 0.0159863130343
157 -0.0147799628305 -0.00398587736995 0.0153079887535
158 -0.00530501259956 0.0137778061632 0.0147638443961
159 0.0127838274589 0.00649530066839 0.014339287823
160 0.00756689599725 -0.0118036955138 0.0140208823837
161 -0.0108436070519 -0.00852924158432 0.0137960782797
162 -0.00939097693284 0.00991016778521 0.0136529071367
163 0.0090102861006 0.0101598223563 0.0135796629533
164 0.010842436516 -0.00815105778241 0.0135645926063
165 -0.00733961885539 -0.0114442516265 0.013595620627
166 -0.0119692998866 0.00658294410463 0.0136601351699
167 0.00588757246586 0.012420055178 0.013744863774
168 0.0127973248163 -0.00525924879134 0.0138358671684
169 -0.00470248565426 -0.0131002349302 0.0139186754598
170 -0.0133263565734 0.00422006892271 0.0139785822326
171 0.00381255496068 0.0134720141011 0.014001097788
172 0.013532799426 -0.00347783115638 0.0139725434284
173 -0.00321082834672 -0.0135042845003 0.0138807463249
174 -0.0133828826613 0.00300347583158 0.0137157725045
175 0.00284497065329 0.0131667649795 0.0134706183245
176 0.01285670211 -0.00272239070648 0.0131417731035
177 -0.00262162104025 -0.0124566880903 0.0127295708905
178 -0.0119742194211 0.00252849681887 0.0122382689506
179 0.0024300120381 0.0114201521379 0.0116758225988
180 0.0108081328094 -0.00231541699106 0.0110533655811
181 -0.00217703969879 -0.0101536791179 0.0103844451696
182 -0.00947305098982 0.00201071604199 0.00968409386867
183 0.00181578767609 0.00878208687176 0.00896783890956
184 0.00809517404055 -0.00159470616733 0.00825075332966
185 -0.00135234591943 -0.00742448106556 0.00754663889282
186 -0.00677951859982 0.00109516340474 0.00686740528354
187 0.000830342014353 0.00616702945489 0.00622267789286
188 0.0055911561124 -0.000565036193451 0.00561963455868
189 -0.000305787151571 -0.00505380260772 0.00506304518841
190 -0.00455509954744 5.81382406798e-05 0.00455547055112
191 -0.000173558823471 0.00409389126721 0.00409756859283
192 0.00366818516046 0.000386180018509 0.00368845731683
193 0.000577751461097 -0.00327552736513 0.00332609023788
194 -0.00291329060623 -0.000747302547926 0.00300761088814
195 -0.000894687413615 0.00257887602481 0.00272966428694
196 0.0022698405844 0.00102040257528 0.00248865379155
197 0.0011254186933 -0.00198396597644 0.00228094020766
198 -0.00171928537764 -0.00121103594895 0.00210298603881
199 -0.0012787663 0.0014740825335 0.00195145139975
200 0.00124687474053 0.00133024180845 0.0018232498149
201 0.00136714595456 -0.00103638824791 0.00171557240053
202 -0.000841531881722 -0.00139116385669 0.00162588830616
203 -0.00140394713632 0.000661372509223 0.00155192820631
204 0.000495114314878 0.00140708943379 0.00149165641469
205 0.00140210904271 -0.00034208266935 0.00144323605842
206 -0.000201712512826 -0.00139043564454 0.0014049908254
207 -0.00137339863207 7.35405239945e-05 0.00137536613716
208 -4.28001907331e-05 0.00135221501434 0.00135289219871
209 0.00132797544582 0.000147584632234 0.00133615119218
210 0.000241001837974 -0.00130162758776 0.00132375083121
211 -0.00127395686059 -0.000323164691146 0.00131430647121
212 -0.000394126182652 0.00124556571568 0.00130643384828
213 0.00121685380715 0.000453904392831 0.00129875416681
214 0.00050251758493 -0.00118800272986 0.00128991255879
215 -0.00115897003116 -0.000540029241721 0.00127860983691
216 -0.000566600660331 0.00112949761223 0.00126364598061
217 0.00109913899323 0.000582546110521 0.00124397206452
218 0.000588383091524 -0.00106730792607 0.00121874561392
219 -0.00103334749665 -0.000584868635951 0.00118738299219
220 -0.000573012678591 0.00099661460709 0.00114960175926
221 0.000956570472458 0.000554061749615 0.00110544628597
222 0.000529450636359 -0.000912864703584 0.00105529140212
223 -0.000865399808273 -0.00050072544933 0.000999821385932
224 -0.000469447376404 0.000814365152324 0.000939984808671
225 0.000760234366424 0.00043709072303 0.000876929068996
226 0.000404950323813 -0.000703726767429 0.000811921257236
227 -0.000645739906259 -0.000374071568695 0.00074626373692
228 -0.000345211611937 0.000587265163811 0.000681213204248
229 0.0005293002557 0.000318834147739 0.000617910976152
230 0.000295134110219 -0.000472771352852 0.000557330149097
231 -0.000418473953608 -0.000274084223078 0.000500242552357
232 -0.000255493265946 0.000367036892615 0.000447205645631
233 0.00031890926312 0.000239066238541 0.00039856716437
234 0.000224458673297 -0.000274366552814 0.000354483710939
235 -0.000233530402425 -0.000211320270111 0.000314948734585
236 -0.000199325949127 0.000196396029215 0.000279825363909
237 0.000162862112207 0.0001881947507 0.000248880155463
238 0.000177698499403 -0.000132759289757 0.000221814755386
239 -0.000105874905628 -0.000167662812787 0.000198293505777
240 -0.000157963063837 8.19729389996e-05 0.000177965986259
241 6.0809013192e-05 0.000148517542526 0.00016048425631
242 0.000139279526383 -4.21409744809e-05 0.000145515113303
243 -2.57358220118e-05 -0.000130229421057 0.000132748011825
244 -0.000121367660171 1.13738398256e-05 0.000121899438751
245 -1.14928122402e-06 0.000112708695276 0.000112714554686
246 0.000104276161457 1.20216714816e-05 0.000104966844449
247 2.14153454118e-05 -9.60991534022e-05 9.84564081395e-05
248 -8.82094657539e-05 -2.94867203127e-05 9.30074003689e-05
249 -3.637732633e-05 8.06396168693e-05 8.84650082222e-05
250 7.34214678323e-05 4.22145343559e-05 8.4692259679e-05
251 4.7112198986e-05 -6.65852556696e-05 8.15668778726e-05
252 -6.01588733267e-05 -5.11711692974e-05 7.89783426465e-05
253 -5.44796665556e-05 5.41672458373e-05 7.68252861342e-05
254 4.86316725659e-05 5.71135697418e-05 7.50133283171e-05
255 5.91366894445e-05 -4.35690324311e-05 7.34534452932e-05
256 -3.8990786957e-05 -6.06011474126e-05 7.20609501412e-05
257 -6.15480082449e-05 3.49017689955e-05 7.07551467947e-05
258 3.12988144564e-05 6.20083226636e-05 6.94596851845e-05
259 6.20047272816e-05 -2.81693766446e-05 6.81035974514e-05
260 -2.54903464672e-05 -6.15536927007e-05 6.66229303477e-05
261 -6.06684143492e-05 2.32273673589e-05 6.49628131632e-05
262 2.13349561093e-05 5.93622037276e-05 6.30797240291e-05
263 5.76520820264e-05 -1.97576956475e-05 6.09436551191e-05
264 -1.84326397616e-05 -5.55621392366e-05 5.85398456193e-05
265 -5.3126144656e-05 1.72928701734e-05 5.5869764675e-05
266 1.62719073855e-05 5.03889194045e-05 5.29510922334e-05
267 4.74061273282e-05 -1.53084552473e-05 4.9816560603e-05
268 -1.43508205584e-05 -4.42423921007e-05 4.65116685305e-05
269 -4.096795318e-05 1.33603446452e-05 4.30914376274e-05
270 1.23133299924e-05 3.7654354868e-05 3.96165184743e-05
271 3.43698444119e-05 -1.12012125397e-05 3.61490437945e-05
272 -1.00290515092e-05 -3.11751873195e-05 3.27486515536e-05
273 -2.81204862037e-05 8.81269986101e-06 2.94690587426e-05
274 7.57520857777e-06 2.52433543318e-05 2.63554685581e-05
275 2.2568516315e-05 -6.3430711238e-06 2.34429622689e-05
276 -5.14283764632e-06 -2.01086589228e-05 2.07558893505e-05
277 -1.78661875741e-05 3.99846300217e-06 1.83081502291e-05
278 2.92955477228e-06 1.58354790059e-05 1.61041822677e-05
279 1.40052472399e-05 -1.95050836975e-06 1.41404184221e-05
280 -1.0703890471e-06 -1.23607276036e-05 1.24069867253e-05
281 -1.08854959651e-05 2.93355756469e-07 1.08894481039e-05
282 -3.80587878771e-07 9.56284715312e-06 9.57041758793e-06
283 8.37673918228e-06 9.54701944243e-07 8.43096762717e-06
284 1.43461728271e-06 -7.312361899e-06 7.45176242843e-06
285 -6.35641245162e-06 -1.82753015999e-06 6.61391304303e-06
286 -2.14152986448e-06 5.49716273308e-06 5.89957187213e-06
287 4.72439387286e-06 2.38507210038e-06 5.29230256031e-06
288 2.56659017063e-06 -4.02925702196e-06 4.77726880686e-06
289 -3.40410300761e-06 -2.69422480932e-06 4.3412860548e-06
290 -2.77564941588e-06 2.84230874396e-06 3.97277594081e-06
291 2.33811673346e-06 2.81796775427e-06 3.66165701881e-06
292 2.82766383147e-06 -1.88649567487e-06 3.39919824005e-06
293 -1.48302465211e-06 -2.81058722919e-06 3.17785504572e-06
294 -2.77196077119e-06 1.1237999506e-06 2.99110227943e-06
295 8.05361587733e-07 2.71640064304e-06 2.83327367907e-06
296 2.64794180768e-06 -5.24635616169e-07 2.69941444514e-06
297 -2.78887777652e-07 -2.57006382361e-06 2.58515114644e-06
298 -2.48571409932e-06 6.56839176926e-08 2.48658178241e-06
299 -1.17147376918e-07 2.39732736284e-06 2.40018790775e-06
300 2.30684180973e-06 2.71554161262e-07 2.3227700699e-06
301 3.99306127163e-07 -2.2157140662e-06 2.25140716139e-06
302 -2.12493669369e-06 -5.02047631334e-07 2.18343943729e-06
303 -5.81359356617e-07 2.03506325454e-06 2.11647375403e-06
304 1.94624660019e-06 6.38826714213e-07 2.04840801589e-06
305 6.76110131546e-07 -1.85829560671e-06 1.97746996739e-06
306 -1.7707536971e-06 -6.95009419614e-07 1.90226358561e-06
307 -6.97512231001e-07 1.68299903208e-06 1.8218147695e-06
308 1.59436153628e-06 6.85816090383e-07 1.73560721887e-06
309 6.6231534225e-07 -1.50424680628e-06 1.64359972828e-06
310 -1.41225272581e-06 -6.29548862926e-07 1.5462178153e-06
311 -5.90110998553e-07 1.31826272705e-06 1.4443156193e-06
312 1.22250116045e-06 5.46535564679e-07 1.3391079907e-06
313 5.01168977809e-07 -1.12554138387e-06 1.23207700698e-06
314 -1.0282650568e-06 -4.56051822844e-07 1.12486101015e-06
315 -4.1282724566e-07 9.31779857575e-07 1.01913690824e-06
316 8.37310162768e-07 3.72689548768e-07 9.16507396825e-07
317 3.36378556095e-07 -7.46079235672e-07 8.18403787199e-07
318 -6.59201287619e-07 -3.04216803615e-07 7.26012535153e-07
319 -2.76179577482e-07 5.7759779585e-07 6.40229937436e-07
320 5.01946115268e-07 2.51983784904e-07 5.61645555922e-07
321 2.31181079694e-07 -4.32661584101e-07 4.90551463116e-07
322 -3.6990866089e-07 -2.13243028759e-07 4.26971903895e-07
323 -1.97630206358e-07 3.13633138496e-07 3.7070668193e-07
324 2.63606357545e-07 1.83841606304e-07 3.21381467958e-07
325 1.71444609547e-07 -2.19473147365e-07 2.78499042291e-07
326 -1.80797194432e-07 -1.60088358563e-07 2.41486869336e-07
327 -1.49504669592e-07 1.47099900035e-07 2.09737995652e-07
328 1.1789095403e-07 1.39500789994e-07 1.82643772001e-07
329 1.29947761331e-07 -9.26904974069e-08 1.59618134886e-07
330 -7.10437855546e-08 -1.20767258262e-07 1.40114061158e-07
331 -1.11918829725e-07 5.25297662945e-08 1.2363333205e-07
332 3.67650949513e-08 1.03388648543e-07 1.09730965795e-07
333 9.5180254013e-08 -2.34049755238e-08 9.80156805477e-08
334 -1.21419687776e-08 -8.73073551321e-08 8.8147612934e-08
335 -7.97885179361e-08 2.70363218684e-09 7.98343110538e-08
336 -5.15039628207e-09 7.26434436223e-08 7.28257954517e-08
337 6.58905109325e-08 1.16314659396e-08 6.69092701414e-08
338 1.69248854244e-08 -5.95452714411e-08 6.19038859654e-08
339 -5.36196249713e-08 -2.1192664327e-08 5.76558167346e-08
340 -2.45759667343e-08 4.81214486906e-08 5.40338039102e-08
341 4.30544990436e-08 2.71972703665e-08 5.09252530998e-08
342 2.9162258959e-08 -3.84184471489e-08 4.82329185196e-08
343 -3.42089454432e-08 -3.05614984257e-08 4.58721825768e-08
344 -3.14719628723e-08 3.04176578119e-08 4.37689199524e-08
345 2.70322193909e-08 3.19584860345e-08 4.18579229635e-08
346 3.20752162322e-08 -2.40361273494e-08 4.00818526804e-08
347 -2.14086003461e-08 -3.1867145823e-08 3.83906649028e-08
348 -3.13717660848e-08 1.91244795576e-08 3.67414401682e-08
349 1.71542727532e-08 3.06208630841e-08 3.50985231841e-08
350 2.96424200286e-08 -1.54644567926e-08 3.34338524409e-08
351 -1.40181443251e-08 -2.84625324481e-08 3.17273403184e-08
352 -2.71071856671e-08 1.27761808908e-08 2.99671539013e-08
353 1.16986688704e-08 2.56037054483e-08 2.8149752859e-08
354 2.39816890821e-08 -1.07468239995e-08 2.62795669163e-08
355 -9.88497757392e-09 -2.22732669805e-08 2.43682417015e-08
356 -2.05126339235e-08 9.08246843765e-09 2.24334434138e-08
357 8.31514756121e-09 1.87349095559e-08 2.04972806741e-08
358 1.69745115774e-08 -7.56625825612e-09 1.85844641378e-08
359 -6.82655323597e-09 -1.52633190991e-08 1.67203689853e-08
360 -1.36289405431e-08 6.09364379929e-09 1.4929183336e-08
361 5.3707121759e-09 1.20933690017e-08 1.32323135954e-08
362 1.06722173684e-08 -4.66482060105e-09 1.16471788343e-08
363 -3.98509613958e-09 -9.37460209328e-09 1.01864692435e-08
364 -8.20362167996e-09 3.34105320213e-09 8.85788039925e-09
365 2.74124880884e-09 7.1572833049e-09 7.66427748313e-09
366 6.22968456178e-09 -2.1923732468e-09 6.60420095035e-09
367 -1.69878710219e-09 -5.41225813486e-09 5.67260220154e-09
368 -4.69492364562e-09 1.26244471753e-09 4.86169463284e-09
369 8.83103476464e-10 4.06704558189e-09 4.16181829436e-09
370 3.51815236621e-09 -5.58707366361e-10 3.56223946319e-09
371 -2.85844651944e-10 -3.03841751055e-09 3.0518335691e-09
372 -2.61893406102e-09 6.02033139947e-11 2.61962593799e-09
373 -1.23024827171e-10 2.25182818154e-09 2.25518630434e-09
374 1.93026007436e-09 2.68815917938e-10 1.94888838891e-09
375 3.82067898921e-10 -1.64835497209e-09 1.6920549617e-09
376 -1.40109779154e-09 -4.67430515021e-10 1.47701262954e-09
377 -5.2919944839e-10 1.18421524524e-09 1.2970804922e-09
378 9.94060551264e-10 5.71260474269e-10 1.14651424284e-09
379 5.97070118714e-10 -8.27509135749e-10 1.02042348876e-09
380 -6.81868971315e-10 -6.09661224425e-10 9.14675954974e-10
381 -6.11664222388e-10 5.54806159186e-10 8.25798398655e-10
382 4.44284632473e-10 6.05337234576e-10 7.50880817584e-10
383 5.92600137698e-10 -3.48518025852e-10 6.87487990836e-10
384 -2.65931488256e-10 -5.75069318173e-10 6.33580521441e-10
385 -5.54091062135e-10 1.95131264726e-10 5.87446266148e-10
386 1.34880079694e-10 5.30772417184e-10 5.47642214171e-10
387 5.06009012473e-10 -8.40766223944e-11 5.1294639012e-10
388 -4.17377214302e-11 -4.80509802345e-10 4.8231909307e-10
389 -4.54819060118e-10 6.98208967322e-12 4.54872649235e-10
390 -2.09851676682e-11 4.29336223899e-10 4.29848776216e-10
391 4.04334391293e-10 4.28877431142e-11 4.06602580528e-10
392 5.93930865009e-11 -3.79978356167e-10 3.84592108447e-10
393 -3.56343042941e-10 -7.11267820102e-11 3.63372238031e-10
394 -7.86855751982e-11 3.33432983318e-10 3.42591555805e-10
395 3.11203076645e-10 8.26479514811e-11 3.21990743341e-10
396 8.35810211987e-11 -2.89580299978e-10 3.01400957596e-10
397 -2.68485371018e-10 -8.20426030364e-11 2.80740775741e-10
398 -7.85778729073e-11 2.47852762345e-10 2.60010526542e-10
399 2.27647101667e-10 7.37107312473e-11 2.39283252232e-10
400 6.79310030466e-11 -2.07874035846e-10 2.1869210309e-10
401 -1.8858416809e-10 -6.1679494091e-11 1.9841458728e-10
402 -5.53335214787e-11 1.69869642347e-10 1.78654678053e-10
403 1.51854144273e-10 4.91956074347e-11 1.59624211583e-10
404 4.34875011255e-11 -1.34678213274e-10 1.41525205828e-10
405 -1.18482511895e-10 -3.83506801382e-11 1.24534654984e-10
406 -3.38532402427e-11 1.03391877202e-10 1.08793024346e-10
407 8.95025572532e-11 3.00019329261e-11 9.43971595661e-11
408 2.67573333497e-11 -7.68741639191e-11 8.1397739319e-11
409 -6.55268142512e-11 -2.40498617957e-11 6.98008541374e-11
410 -2.17946207954e-11 5.54429649188e-11 5.95728785154e-11
411 4.65727726131e-11 1.99035981232e-11 5.06475701996e-11
412 1.82945131181e-11 -3.88415215261e-11 4.29342870523e-11
413 -3.21577135409e-11 -1.68962567302e-11 3.63263269774e-11
414 -1.5651367531e-11 2.64207079173e-11 3.07086162574e-11
415 2.15271921698e-11 1.45162518331e-11 2.59642363646e-11
416 1.34599183415e-11 -1.73761515933e-11 2.19795369822e-11
417 -1.38723107013e-11 -1.24619163813e-11 1.86477978348e-11
418 -1.15100101957e-11 1.09282188268e-11 1.58715563646e-11
419 8.46525040916e-12 1.05979472129e-11 1.35638102912e-11
420 9.72352265374e-12 -6.41381191614e-12 1.16483422037e-11
421 -4.71302051612e-12 -8.88702397887e-12 1.00594113936e-11
422 -8.09005935044e-12 3.31006949172e-12 8.74103085075e-12
423 2.15943981691e-12 7.33472904473e-12 7.64600748643e-12
424 6.62307873531e-12 -1.22206680148e-12 6.73488078598e-12
425 -4.64529945903e-13 -5.95676995028e-12 5.9748553381e-12
426 -5.33690857901e-12 -1.41695969922e-13 5.33878927553e-12
427 -6.20911194645e-13 4.76398197257e-12 4.80427465353e-12
428 4.23786576953e-12 9.9377852272e-13 4.35282690132e-12
429 1.27783160978e-12 -3.75787136875e-12 3.969187681e-12
430 -3.32281324487e-12 -1.48791181355e-12 3.6407374837e-12
431 -1.63654313853e-12 2.93108193349e-12 3.35700979222e-12
432 2.5807136874e-12 1.73425535715e-12 3.10929650888e-12
433 1.78986509598e-12 -2.26945183482e-12 2.89033366454e-12
434 -1.9947980631e-12 -1.81072391005e-12 2.69405649365e-12
435 -1.80294121708e-12 1.75405444541e-12 2.51541329202e-12
436 1.54435913051e-12 1.77158840129e-12 2.35022777355e-12
437 1.72088836371e-12 -1.36272018808e-12 2.19509978619e-12
438 -1.20605295971e-12 -1.6543922913e-12 2.0473342656e-12
439 -1.57514259527e-12 1.07122613909e-12 1.90488835276e-12
440 9.55120446487e-13 1.48581819711e-12 1.76632691825e-12
441 1.38885619809e-12 -8.54701099657e-13 1.63077757794e-12
442 -7.67101571134e-13 -1.28654313628e-12 1.49787785281e-12
443 -1.1810700882e-12 6.89712023399e-13 1.36770948248e-12
444 6.20262336924e-13 1.07454901113e-12 1.24071791472e-12
445 9.68992559588e-13 -5.56887903689e-13 1.11761832385e-12
446 -4.98167191069e-13 -8.66265129055e-13 9.99292661873e-13
447 -7.68017646084e-13 4.43123685031e-13 8.86684670518e-13
448 3.91190553182e-13 6.75621220684e-13 7.80701020069e-13
449 5.90114310667e-13 -3.42142852802e-13 6.82126550852e-13
450 -2.96007659583e-13 -5.12174515581e-13 5.91560029872e-13
451 -4.4212043929e-13 2.52965680566e-13 5.0937424197e-13
452 2.13258053193e-13 3.79942762204e-13 4.35701158827e-13
453 3.25358339845e-13 -1.77109365467e-13 3.70439977112e-13
454 -1.44673466053e-13 -2.77877930652e-13 3.13283507583e-13
455 -2.36877436171e-13 1.16003711734e-13 2.63757049011e-13
456 9.10451313272e-14 2.01663957282e-13 2.21263570443e-13
457 1.7153070351e-13 -6.96433104562e-14 1.85129611186e-13
458 -5.15637939833e-14 -1.45797896301e-13 1.54647506982e-13
459 -1.23839521238e-13 3.6516180416e-14 1.29111031491e-13
460 2.41783253502e-14 1.05097681459e-13 1.07843006564e-13
461 8.90872907431e-14 -1.4217639573e-14 9.02146697992e-14
462 -6.30794710367e-15 -7.53940617377e-14 7.56574830534e-14
463 -6.36684441496e-14 1.41523541444e-16 6.36686014401e-14
464 -4.56330793343e-15 5.36176063735e-14 5.38114438806e-14
465 4.49969327594e-14 8.05825010508e-15 4.57127920009e-14
466 1.05638781911e-14 -3.76019526266e-14 3.90576799589e-14
467 -3.12611833433e-14 -1.22704107637e-14 3.35830993855e-14
468 -1.33396924324e-14 2.58300676877e-14 2.90712880854e-14
469 2.11859979256e-14 1.39078393317e-14 2.5343135224e-14
470 1.40881543998e-14 -1.72243179486e-14 2.22520386299e-14
471 -1.38551526156e-14 -1.3974050433e-14 1.96783977881e-14
472 -1.36418199803e-14 1.10009071695e-14 1.75248170012e-14
473 8.59429254393e-15 1.31531642079e-14 1.57120206533e-14
474 1.25574428019e-14 -6.57675355866e-15 1.41754385151e-14
475 -4.89719997355e-15 -1.18936393798e-14 1.2862395783e-14
476 -1.11920568219e-14 3.51096184287e-15 1.17298332881e-14
477 2.37890931179e-15 1.04757684554e-14 1.07424826854e-14
478 9.76185704066e-15 -1.46669284212e-15 9.87142546826e-15
479 -7.44073301834e-16 -9.06247589071e-15 9.09297060086e-15
480 -8.38576620545e-15 1.84323001152e-16 8.38779171303e-15
481 -2.3631098739e-16 7.73666215233e-15 7.74027028869e-15
482 7.11761034594e-15 5.39081018576e-16 7.13799589389e-15
483 7.43143385185e-16 -6.52922307336e-15 6.57137854888e-15
484 -5.97087511861e-15 -8.65881815996e-16 6.0333324955e-15
485 -9.23138452955e-16 5.44124324396e-15 5.51899561907e-15
486 4.9387769956e-15 9.29345434762e-16 5.02545531762e-15
487 8.97559623178e-16 -4.46208187533e-15 4.55145997887e-15
488 -4.01019352098e-15 -8.39415809296e-16 4.09710519472e-15
489 -7.6502712474e-16 3.58272606084e-15 3.66349457876e-15
490 3.17988929316e-15 6.82871639332e-16 3.25238521589e-15
491 5.99707702089e-16 -2.80238568934e-15 2.86583580824e-15
492 -2.45121545149e-15 -5.20555404042e-16 2.50588010853e-15
493 -4.487680084e-16 2.12743121523e-15 2.17424844507e-15
494 1.83188952964e-15 3.86198327627e-16 1.87215608245e-15
495 3.33445600681e-16 -1.5650422564e-15 1.60016975129e-15
496 -1.3267986696e-15 -2.90153357577e-16 1.35815451277e-15
497 -2.55321464108e-16 1.11647186784e-15 1.14529405906e-15
498 9.32805752515e-16 2.27596903201e-16 9.60170256919e-16
499 2.05516235947e-16 -7.74065354528e-16 8.00883322537e-16
