0.0 0.0 1.0 1.0
0.5 0.996274941379 -0.00147526695988 0.996276033654
1.0 -0.00188813426735 -0.985257802349 0.985259611544
1.5 -0.967404686176 0.000273033447018 0.967404724705
2.0 -0.00415619711032 0.943419048319 0.94342820326
2.5 0.914177309496 0.0119491373892 0.914255399263
3.0 0.0233928597955 -0.880643301309 0.880953943195
3.5 -0.843784571983 -0.038517108116 0.844663229657
4.0 -0.0571252803179 0.804501394142 0.806526993241
4.5 0.763575363537 0.0788426675089 0.767635005729
5.0 0.103172436244 -0.721639996283 0.728977939197
5.5 -0.679171828916 -0.129550859744 0.691417239048
6.0 -0.157395586214 0.6364978874 0.655669834005
6.5 0.593814208492 0.186143454527 0.622305953588
7.0 0.215276853162 -0.551210162319 0.591757354455
7.5 -0.508694218521 -0.24433946742 0.564332865688
8.0 -0.272943351853 0.466218067676 0.540238243693
8.5 0.423697292778 0.300769682317 0.519597726813
9.0 0.327565471724 -0.381027859369 0.502475241063
9.5 -0.338098466893 -0.353138180577 0.488893800223
10.0 -0.377349688485 0.294799282813 0.478852174002
10.5 0.251027822192 0.400110631379 0.472338316101
11.0 0.421375711842 -0.206692813066 0.469339333003
11.5 -0.161716870407 -0.441140275409 0.469847942171
12.0 -0.459438205275 0.116038740544 0.473865438466
12.5 0.0696158049974 0.476340998486 0.481401191465
13.0 0.491957720939 -0.0224274600076 0.492468669211
13.5 0.0255200893199 -0.506435370631 0.507077962038
14.0 -0.519958990766 -0.0741871831395 0.5252247997
14.5 -0.123491930227 0.532750661326 0.546876150489
15.0 0.545066274038 0.173299275788 0.571952692172
15.5 0.223408279194 -0.557188802329 0.600308771094
16.0 -0.569416687646 -0.273538519677 0.63171091958
16.5 -0.323317254978 0.582046080841 0.66581655701
17.0 0.595346124675 0.372269752005 0.702155094279
17.5 0.419815940734 -0.609527350677 0.740114190728
18.0 -0.62470463519 -0.465276974681 0.778934236246
18.5 -0.507895112749 0.640857930225 0.817714089574
19.0 0.657795882793 0.546869277458 0.85543055244
19.5 0.581406532716 -0.675129009416 0.890972915211
20.0 -0.692259694511 -0.61078666751 0.923192199844
20.5 -0.634433545952 0.708395357202 0.950962620893
21.0 0.722588374543 0.651983723308 0.973250602097
21.5 0.663341052335 -0.733801952754 0.989184845001
22.0 -0.740995899029 -0.668706497174 0.998119883451
22.5 -0.668575502085 0.743221447235 0.999685611389
23.0 0.739711339056 0.663700620233 0.993816571821
23.5 0.655023508235 -0.729951295513 0.980757202452
24.0 -0.713722074455 -0.643586197099 0.961042346965
24.5 -0.630435211386 0.691106789927 0.935455584642
25.0 0.662464625784 0.61653270912 0.904970696669
25.5 0.602686371867 -0.628377828839 0.870683385974
26.0 -0.589582570293 -0.58950517689 0.833740943443
26.5 -0.577382816832 0.5468953054 0.79527692802
27.0 0.501144847187 0.566505773297 0.756356363787
27.5 0.556879849403 -0.453117314669 0.717934863009
28.0 -0.403517468688 -0.548367659939 0.680832900206
28.5 -0.540729947694 0.352946634769 0.645724556857
29.0 0.301895013475 0.533665083986 0.613138663784
29.5 0.526843078592 -0.250744882913 0.583469472867
30.0 -0.199780884543 -0.519932336842 0.556993749267
30.5 -0.512618929601 0.14920396337 0.533891365046
31.0 0.0991462840183 0.504619160153 0.514266936938
31.5 0.495686746834 -0.0496852961902 0.498170633061
32.0 -0.000855900089678 -0.485616100738 0.485616855001
32.5 -0.474243095657 -0.0473397216654 0.476600003175
33.0 -0.0949246017927 0.461444519732 0.471106914422
33.5 0.447137149726 0.141941529441 0.469125813024
34.0 0.188449179062 -0.431277149237 0.470651752937
34.5 -0.413860281828 -0.234519271966 0.475688576485
35.0 -0.280234149713 0.394923247559 0.484247405907
35.5 0.374546280743 0.325684082912 0.496341654791
36.0 0.370963584511 -0.352856964052 0.511978532863
36.5 -0.330034992314 -0.41616595096 0.531147055805
37.0 -0.461375243368 0.306317335352 0.553802695127
37.5 0.282002891408 0.506654988669 0.579849039239
38.0 0.552033089247 -0.257455303031 0.609117201105
38.5 -0.23310217445 -0.597482847511 0.641344195267
39.0 -0.642900697586 0.209428581473 0.676152081779
39.5 0.186962652806 0.688082205785 0.713030262656
40.0 0.732699089437 -0.166251314815 0.751323801925
40.5 -0.147825214921 -0.776281225416 0.790230874554
41.0 -0.818208556744 0.132153477697 0.828812273073
41.5 0.119591234429 0.857718037638 0.866015181993
42.0 0.893929862956 -0.110325478362 0.900712113309
42.5 -0.104327135816 -0.925894947452 0.931754047475
43.0 -0.952662039981 0.101318526081 0.958034658114
43.5 0.100764863719 0.973358534913 0.97856036873
44.0 0.987274979299 -0.10189572564 0.992519331627
44.5 -0.103757660948 -0.993940685976 0.999341653012
45.0 -0.993177782885 0.105293270602 0.998743601357
45.5 0.105436565861 0.985123879959 0.990750184601
46.0 0.970218867876 -0.10321076704 0.975693145418
46.5 -0.0978140217018 -0.949157912033 0.954184638745
47.0 -0.922818778062 0.088681037748 0.927070020872
47.5 0.075513617189 0.89217567855 0.895365706166
48.0 0.858212985607 -0.0582791274603 0.860189505494
48.5 -0.0371814716381 -0.821850437187 0.822691073817
49.0 -0.783887695897 0.0126128824279 0.78398916101
49.5 -0.0149036853207 0.744971531688 0.745120596187
50.0 0.70558469209 0.044772488472 0.707003771868
50.5 0.0763763603038 -0.666052514416 0.67041725841
51.0 -0.626561831626 -0.109117415831 0.635992405055
51.5 -0.142445687203 0.587186587641 0.604217562231
52.0 0.547915401552 0.175876349948 0.57545093425
52.5 0.20899748082 -0.508677623784 0.549938971094
53.0 -0.469365804196 -0.241470828757 0.527837493258
53.5 -0.27302806551 0.429853676673 0.50923325491
54.0 0.390009636681 0.303464631599 0.494164243279
54.5 0.332632797781 -0.349706237389 0.482637576892
55.0 -0.308826511011 -0.360435056912 0.474644334375
55.5 -0.386818520401 0.267268013696 0.470170988971
56.0 0.224945470718 0.411770644387 0.469207340497
56.5 0.43531634786 -0.181792823124 0.471750944094
57.0 -0.137765385248 -0.457516385962 0.477808062716
57.5 -0.478466677954 0.0928427318006 0.487391151705
58.0 0.0470328426795 0.498298133727 0.500512855346
58.5 0.517176354964 -0.000377927254871 0.51717649305
59.0 0.0470378005602 -0.535300398839 0.537363072493
59.5 -0.552899592688 -0.095078356013 0.561015020634
60.0 -0.143544534803 0.570227210585 0.588017095978
60.5 0.587549729453 0.192161586109 0.618175347095
61.0 0.240567452605 -0.605130465662 0.651195500388
61.5 -0.623206765672 -0.288303758346 0.686662748265
62.0 -0.334812430964 0.64196069418 0.724025480767
62.5 0.661484388321 0.379441311345 0.762585932697
63.0 0.421462055388 -0.681742874839 0.801500849361
63.5 -0.702538959422 -0.460102783012 0.839794951426
64.0 -0.494596089365 0.723486380343 0.876389088338
64.5 0.74399820896 0.524240239865 0.910143485407
65.0 0.548468000979 -0.763296899492 0.939914519982
65.5 -0.780450064954 -0.566914350497 0.964621264895
66.0 -0.579472237518 0.79443204739 0.983315998026
66.5 0.804206302182 0.586325547868 0.995251437854
67.0 0.587950983058 -0.808818697332 0.999937019833
67.5 -0.807488436203 -0.585085468398 0.997177306166
68.0 -0.578661961384 0.799682601481 0.987087599286
68.5 0.785162742721 0.569722573449 0.970084709319
69.0 0.559322130644 -0.763997004687 0.94685409066
69.5 -0.736537713243 -0.548436575129 0.918297598803
70.0 -0.537888734641 0.703370416396 0.885468369573
70.5 0.665244637153 0.528299674122 0.849500425508
71.0 0.52006842138 -0.622998216113 0.811540473541
71.5 -0.577486129802 -0.513377772903 0.772688143966
72.0 -0.508220234831 0.529521783751 0.733948994521
72.5 0.47983505317 0.504436430341 0.696202406277
73.0 0.501758397391 -0.429047786986 0.660184438524
73.5 -0.377664793362 -0.499851588332 0.6264840832
74.0 -0.498351397734 0.326076767813 0.595550312007
74.5 0.274571139516 0.496892094953 0.567706847485
75.0 0.495127730816 -0.223347118836 0.543171616817
75.5 -0.172531986895 -0.492745751204 0.522078214285
76.0 -0.489474686651 0.122196576014 0.504497246832
76.5 0.07236874074 0.485087501141 0.490456031057
77.0 0.479402115226 -0.0230443048951 0.479955652192
77.5 0.0258045390261 -0.472280398745 0.472984829855
78.0 -0.463626654482 -0.0742230856644 0.469530341077
78.5 -0.122269751082 0.45338634598 0.469583933659
79.0 0.441545587527 0.170012908976 0.473145744019
79.5 0.217528296591 -0.428131714453 0.480224244222
80.0 -0.413215073765 -0.264896318616 0.490832717739
80.5 -0.312198541027 0.396911995937 0.504982238834
81.0 0.379388702242 0.359512636774 0.522671142678
81.5 0.406905042034 -0.360865644688 0.543871057098
82.0 -0.341621453743 -0.454420643748 0.568509752882
82.5 -0.502069001073 0.321995288748 0.596451379254
83.0 0.302385985748 0.54980696895 0.627475089133
83.5 0.597518198685 -0.283246060022 0.661253603603
84.0 -0.265068478282 -0.64499086271 0.697333859179
84.5 -0.691896044212 0.248364341516 0.735122426629
85.0 0.233630392927 0.737770396538 0.773878749228
85.5 0.782007635215 -0.221306707857 0.812719263016
86.0 -0.211727010265 -0.823863791586 0.850634982799
86.5 -0.862480518187 0.205066539899 0.886524071889
87.0 0.201294745309 0.896928794456 0.919239270709
87.5 0.926272133585 -0.200141571685 0.947647990644
88.0 -0.201085995063 -0.949644270703 0.970700684191
88.5 -0.966332207001 0.203373226285 0.987501191623
89.0 0.206062709803 0.975852563179 0.997371578417
89.5 0.978008552696 -0.208103405955 0.999903873738
90.0 -0.2084271953 -0.972917110219 0.994992260823
90.5 -0.961000571221 0.206047125363 0.982841551705
91.0 0.200145870657 0.942943706889 0.963950830646
91.5 0.919623239713 -0.190141656499 0.939074412684
92.0 -0.175723497086 -0.89202156552 0.909165122946
92.5 -0.861138210099 0.156853621716 0.875306846504
93.0 0.133740797572 0.827911360779 0.838644037862
93.5 0.793158303459 -0.10679252762 0.800315399265
94.0 -0.0765560688263 -0.757538963203 0.761397473363
94.5 -0.721542261906 0.0436578889467 0.722861845019
95.0 0.00874915605197 0.685491619746 0.685547451658
95.5 0.649564074564 0.0275379997151 0.650147543556
96.0 0.0646215761375 -0.613817119664 0.617209368444
96.5 -0.57821808423 -0.101988567262 0.587143782035
97.0 -0.139203524001 0.542672201442 0.560241679378
97.5 0.507046976294 0.175909405275 0.536694284517
98.0 0.211823374153 -0.471191765903 0.516614771461
98.5 -0.43495246473 -0.246729853393 0.500059263618
99.0 -0.280472631411 0.398181816511 0.487045845861
99.5 0.360746203598 0.312947258741 0.477570738387
100.0 0.34409448733 -0.322529875308 0.471621179207
100.5 -0.283437553852 -0.373895116911 0.469184830726
101.0 -0.402366323429 0.243396266851 0.470255676145
101.5 0.202357144513 0.429559332436 0.474836428698
102.0 0.45555813593 -0.160297809749 0.482937473202
102.5 -0.117225884196 -0.480478805263 0.494572330638
103.0 -0.504468802924 0.0731840199003 0.509749618825
103.5 0.0282567204734 0.527705530734 0.528461511767
104.0 0.550393175921 0.0174209964079 0.550668810826
104.5 0.0636533570314 -0.572756755919 0.57628296115
105.0 -0.595032170391 -0.110172716118 0.605145694174
105.5 -0.156628853494 0.617451126136 0.637007449653
106.0 0.640220109963 0.202580646544 0.67150629748
106.5 0.247492754889 -0.66349325053 0.708149671483
107.0 -0.687339999431 -0.290740440117 0.746301734111
107.5 -0.331625692061 0.711710050067 0.785179466747
108.0 0.736399627057 0.369407168674 0.823860465733
108.5 0.403344869632 -0.761024862966 0.86130478108
109.0 -0.785008916836 -0.432757934314 0.89639189489
109.5 -0.457090768395 0.807589212736 0.927972147793
110.0 0.82784926102 0.475979500152 0.954929779374
110.5 0.489308458543 -0.844775918373 0.976252590196
111.0 -0.857338138783 -0.497245891282 0.991101488551
111.5 -0.50025012439 0.864578307963 0.998872282903
112.0 0.865703494994 0.499041779119 0.999242332245
112.5 0.494543689863 -0.860162636548 0.992196161298
113.0 -0.847697437124 -0.487796354419 0.978026701215
113.5 -0.479861449725 0.828359366213 0.95731199226
114.0 0.802491422083 0.471727891341 0.930870391615
114.5 0.464233657548 -0.770679663354 0.899699967938
115.0 -0.733684292651 -0.458012651543 0.864909376904
115.5 -0.453470475442 0.692362298609 0.827647886865
116.0 0.647593150117 0.450787624505 0.789041425075
116.5 0.449944513644 -0.600216384239 0.750139835809
117.0 -0.550986174597 -0.450760577362 0.711878404435
117.5 -0.452939453769 0.500544187537 0.675054540358
118.0 0.449409030645 0.456113506662 0.640318676742
118.5 0.459882975321 -0.397978755786 0.608177146107
119.0 -0.346542192971 -0.463847221415 0.579004090074
119.5 -0.46762740658 0.295295102818 0.553059299834
120.0 0.244357887232 0.470881256803 0.53050912816
120.5 0.473311322615 -0.193792557911 0.51144810452
121.0 -0.143617590102 -0.47466842369 0.495919473942
121.5 -0.474751919775 0.0938200508605 0.483933453352
122.0 0.0443649425875 0.473408220796 0.475482483008
122.5 0.470528649522 0.00479794164004 0.470553110993
123.0 0.0537291507548 -0.466047471657 0.469134381046
123.5 -0.459940645496 -0.10249609329 0.471222714349
124.0 -0.151170289488 0.452225623338 0.476823311959
124.5 0.442962348443 0.199824683286 0.485948090014
125.0 0.248530321036 -0.432255412732 0.498610130574
125.5 -0.420257146123 -0.297351689865 0.51481462327
126.0 -0.346340014989 0.407171174233 0.534546322697
126.5 0.393255691703 0.395523874694 0.557753686236
127.0 0.444896652544 -0.37882535499 0.58433011306
127.5 -0.364250330957 -0.494400667169 0.614093090092
128.0 -0.543908356494 0.349950714758 0.646762555366
128.5 0.336384368062 0.59320167587 0.68194037227
129.0 0.641951870983 -0.324026382859 0.719093388544
129.5 -0.313339018279 -0.68970288623 0.757543009769
130.0 -0.735862628961 0.304732219003 0.79646439594
130.5 0.298516716224 0.779706780808 0.834898133848
131.0 0.820399431192 -0.29485404445 0.871776424451
131.5 -0.29371013484 -0.857033182808 0.905964414169
132.0 -0.888688465279 0.294820800024 0.936315380866
132.5 0.297677662344 0.914507909441 0.961736298103
133.0 0.933777550339 -0.301541330859 0.981258216645
133.5 -0.305484801357 -0.94600344424 0.994104360907
134.0 -0.950971128814 0.308464695913 0.999748246542
134.5 0.309412263727 0.948776956755 0.997954739762
135.0 0.939824669181 -0.307331551083 0.988798812242
135.5 -0.30139016205 -0.924786753243 0.972659533832
136.0 -0.904536607601 0.290989245282 0.950190094329
136.5 0.275803475875 0.880062632406 0.922267745431
137.0 0.852377811733 -0.255787706581 0.889929932507
137.5 -0.231153039262 -0.822437749163 0.854304148889
138.0 -0.791076942518 0.202319821363 0.816539061588
138.5 0.16985757884 0.758968474333 0.777743365205
139.0 0.726607570829 -0.134421994807 0.738936962585
139.5 -0.0966972305125 -0.694315718786 0.701016884064
140.0 -0.662259801146 0.0573490218548 0.664738260161
140.5 0.0169909535106 0.630480063217 0.630708968237
141.0 0.598921311538 0.0238362265818 0.599395448024
141.5 0.0646741028142 -0.567463064666 0.571136646815
142.0 -0.535945925121 -0.105147597643 0.546163026892
142.5 -0.144960332632 0.504192862862 0.524617899998
143.0 0.472025197641 0.183886871577 0.506578886992
143.5 0.221763825073 -0.439273788087 0.492077895267
144.0 -0.405786321034 -0.258481198212 0.481118559367
144.5 -0.293974824454 0.371431730799 0.473690540392
145.0 0.336102756628 0.328220297 0.46978040229
145.5 0.361228489009 -0.299717544133 0.46937898071
146.0 -0.262221065904 -0.393042525241 0.472485252734
146.5 -0.423735899706 0.223587006559 0.479106733621
147.0 0.183820635802 0.453411295407 0.489256404097
147.5 0.482199528316 -0.142963070902 0.50294614498
148.0 -0.101097185625 -0.510257893679 0.52017666134
148.5 -0.537767039178 0.0583552256849 0.540923951024
149.0 0.0149279074223 0.564925346364 0.565122543688
149.5 0.59193971362 0.0289256218484 0.592646029397
150.0 0.0728681067765 -0.619011671656 0.623285817768
150.5 -0.646318019116 -0.11647655673 0.656729601968
151.0 -0.15923907075 0.673985740369 0.692541594328
151.5 0.702061932271 0.200559010802 0.730147158837
152.0 0.239769544896 -0.730480819292 0.768824857827
152.5 -0.75903154444 -0.276161077659 0.807708998507
153.0 -0.309022732116 0.7873319842 0.845805357224
153.5 0.814814882984 0.337696775845 0.882021771811
154.0 0.361641901394 -0.840732589354 0.915213719109
154.5 -0.864185144104 -0.380498118456 0.944242967375
155.0 -0.394143531669 0.884173270319 0.968045192903
155.5 0.899673299734 0.402732398013 0.985700477156
156.0 0.406705291934 -0.909726143152 0.996499297552
156.5 -0.913528365315 -0.406766098168 0.99999636642
157.0 -0.403826278015 0.910511546933 0.996045651521
157.5 0.900397222693 0.39892309586 0.984812060773
158.0 0.393123611335 -0.883218743545 0.966758254548
158.5 -0.859307477552 -0.387428834258 0.942608318758
159.0 -0.382691835799 0.829247260251 0.913292975896
159.5 0.793806267418 0.37956010413 0.879883096121
160.0 0.378447139052 -0.753858314152 0.843519172795
160.5 -0.710305602505 -0.379532692834 0.80534409657
161.0 -0.382786538458 0.664012590102 0.766445206025
161.5 0.615756926021 0.388008004955 0.72780959313
162.0 0.394872920786 -0.566199428053 0.69029444145
162.5 -0.515871766721 -0.402980659291 0.65461216874
163.0 -0.411896004577 0.465178372081 0.621328605843
163.5 0.414408163397 0.421182852811 0.590871493129
164.0 0.4304288032 -0.363751791322 0.563546200692
164.5 -0.313320811494 -0.439261188269 0.539555671302
165.0 -0.447355978393 0.263166214526 0.519021991704
165.5 0.213294743943 0.454441354159 0.502007561859
166.0 0.460297723438 -0.163682277954 0.488534422859
166.5 -0.114284170571 -0.464755725703 0.478600831818
167.0 -0.467693441356 0.0650428495267 0.472194586333
167.5 0.0158931964423 0.469033693108 0.469302886166
168.0 0.468742033481 0.0332336561444 0.469918684298
168.5 0.0824074356209 -0.466825769503 0.474043547069
169.0 -0.463334174098 -0.131696062845 0.481687045556
169.5 -0.181162522278 0.458359852897 0.492862672786
170.0 0.452041049883 0.230860585181 0.507580260224
170.5 0.280828719689 -0.444564461078 0.525834888397
171.0 -0.436167865026 -0.331081581205 0.547592384803
171.5 -0.381598621168 0.427141569791 0.572771706984
172.0 0.417827340611 0.432309635148 0.601224839144
172.5 0.483077545849 -0.408613167347 0.63271528813
173.0 -0.399922056349 -0.53367941711 0.666896822156
173.5 -0.583787608042 0.392193127587 0.703294689749
174.0 0.38585382603 0.632954007282 0.741292081704
174.5 0.68060123345 -0.381283152036 0.780124913715
175.0 -0.378767519361 -0.726025236622 0.818887952002
175.5 -0.768413510559 0.378453024586 0.85655473557
176.0 0.380300184615 0.806881790552 0.892012586426
176.5 0.840529527138 -0.384048966415 0.924112273804
177.0 -0.389202475609 -0.868510804722 0.951729785674
177.5 -0.890113367197 0.39503637615 0.973835481457
178.0 0.400637758754 0.904835038807 0.989564076345
178.5 0.912445216298 -0.404972150648 0.998277874915
179.0 -0.406971702904 -0.913020101719 0.999615762734
179.5 -0.906944118036 0.405632763334 0.993521802444
180.0 0.400108463795 0.894875815436 0.980249717089
180.5 0.877683119644 -0.389782484648 0.960342670013
181.0 -0.374313759474 -0.856358292576 0.934590988506
181.5 -0.831926062436 0.353647579582 0.903973220789
182.0 0.32799479899 0.805358394829 0.86958767947
182.5 0.777506610711 -0.297786042508 0.832582162199
183.0 -0.263610879213 -0.749057044438 0.794088881336
183.5 -0.720511519505 0.226152494174 0.755170047314
184.0 0.186126848795 0.692189789667 0.716777447163
184.5 0.664248466913 -0.144232494708 0.679727179334
185.0 -0.101114030329 -0.636709996105 0.644688813514
185.5 -0.609495655995 0.0573394120605 0.612186869225
186.0 0.0133893760927 0.582457854531 0.582611729797
186.5 0.555408609216 0.0303438107393 0.556236883029
187.0 0.0735513065276 -0.528142646821 0.53323958038
187.5 -0.500454780496 -0.115999108036 0.513722474091
188.0 -0.157518108352 0.472152045377 0.497734375357
188.5 0.443061526245 0.197994339487 0.485288856773
189.0 0.237360347688 -0.413034979136 0.476379920488
189.5 -0.38195133275 -0.275588169044 0.470994330652
190.0 -0.312684017449 0.349718041402 0.469120457079
190.5 0.316272110767 0.348684547733 0.470753610583
191.0 0.38365438204 -0.281581466306 0.475897895588
191.5 -0.245647194603 -0.417684454028 0.484564595645
192.0 -0.450890605372 0.208507054607 0.49676707805
192.5 0.170240510209 0.483411744667 0.512512191268
193.0 0.515406746744 -0.130975349933 0.53178816918
193.5 -0.0908957020133 -0.547049145219 0.554549182606
194.0 -0.578518589709 0.0502508952401 0.580696918462
194.5 0.00936414440398 0.609988063167 0.610059935094
195.0 0.641606067742 0.0313605285531 0.642372033105
195.5 0.0714353226566 -0.673473482302 0.677251457501
196.0 -0.705615646308 -0.110292311226 0.714183333767
196.5 -0.147296580668 0.737951447916 0.752508220658
197.0 0.770262691302 0.18177134822 0.791419886435
197.5 0.213036410078 -0.80216853613 0.829975223953
198.0 -0.833110924789 -0.240459250408 0.867118483317
198.5 -0.263515374496 0.862357122665 0.901720666064
199.0 0.88902431691 0.281851366612 0.932633062313
199.5 0.295341572323 -0.912128421513 0.958751741419
200.0 -0.930655042174 -0.304128075678 0.9790876845
200.5 -0.308634556621 0.943645727999 0.992835610517
201.0 0.950288379816 0.309547967188 0.999433814118
201.5 0.307767324743 -0.949998306168 0.998607784819
202.0 -0.942476871682 -0.304325124471 0.990392061276
202.5 -0.300292327657 0.927738156283 0.975127462782
203.0 0.906099799445 0.296681083898 0.953434062794
203.5 0.294359417464 -0.878140774446 0.926163423158
204.0 -0.84463452016 -0.293989114969 0.894336107046
204.5 -0.295992949644 0.806469292662 0.859071909822
205.0 0.764568191193 0.300551635788 0.821520422606
205.5 0.307625978231 -0.719819333435 0.782798578991
206.0 -0.673023020914 -0.316996554231 0.743940052742
206.5 -0.328312255528 0.624858608261 0.705859205116
207.0 0.575870181838 0.341139832222 0.669330151315
207.5 0.355008555717 -0.526467678346 0.634979756351
208.0 -0.476938898174 -0.369446513451 0.603292167107
208.5 -0.384007263301 0.427467807125 0.574621879496
209.0 0.378155207169 0.398287256053 0.54921225318
209.5 0.411935469015 -0.329038900419 0.527216680902
210.0 -0.280111556512 -0.424657146317 0.508720135251
210.5 -0.436213565067 0.231335426399 0.493759408878
211.0 0.182653741139 0.446419511763 0.482340926768
211.5 0.455139804283 -0.13399908976 0.474455474728
212.0 -0.0852993280428 -0.462285830049 0.470089527673
212.5 -0.467812744905 0.0364816890525 0.469233074209
213.0 -0.0125241977052 0.471717708096 0.47188393876
213.5 0.47403931091 0.0617836751988 0.47804862808
214.0 0.111354128963 -0.474858170749 0.487739709645
214.5 -0.474298483158 -0.161281091016 0.500969701125
215.0 -0.211592739746 0.47253012695 0.517741449363
215.5 0.469770683122 0.262292220277 0.538035039323
216.0 0.313347342394 -0.466286450891 0.561791430399
216.5 -0.462391239664 -0.364677464339 0.588893293827
217.0 -0.416137791187 0.458441430654 0.619143930435
217.5 0.454825622042 0.467501942547 0.652245669017
218.0 0.518444473503 -0.451947221902 0.687779734719
218.5 -0.450198783215 -0.568525992473 0.725190146462
219.0 -0.617184439578 0.449927821807 0.763774624673
219.5 0.451395382658 0.66373669255 0.802685610013
220.0 0.707394602684 -0.45473063264 0.840944155202
220.5 -0.459886951119 -0.747298491528 0.877468542598
221.0 -0.782568872152 0.466606827567 0.911117978746
221.5 0.474403674254 0.812373817457 0.940749735815
222.0 0.836005516773 -0.482567784388 0.965285911325
222.5 -0.490200786656 -0.852956064995 0.983783949885
223.0 -0.862980522793 0.496278296988 0.995503656839
223.5 0.499734928009 0.866135699897 0.99996302377
224.0 0.862786298571 -0.499560758429 0.9969760019
224.5 -0.49489524854 -0.853575534467 0.98666737053
225.0 -0.839363865345 0.485104443429 0.969462747857
225.5 0.469830317325 0.821145326207 0.946055058562
226.0 0.79995466333 -0.449006511283 0.917351792148
226.5 -0.422841037196 -0.776779124685 0.884409606055
227.0 -0.752486476609 0.391772122651 0.848363892187
227.5 0.356406985151 0.727776478995 0.810360748336
228.0 0.70315800053 -0.317454409627 0.771497554048
228.5 -0.275660790549 -0.678949478756 0.732776409383
229.0 -0.655297390418 0.231756565044 0.695072496456
229.5 0.186416672967 0.632206086946 0.659117373714
230.0 0.609572560017 -0.140235669104 0.625495602554
230.5 -0.0937158991955 -0.587220931857 0.594652076909
231.0 -0.5649331464 0.0472659029434 0.566906981332
231.5 0.00120582249334 0.542474003181 0.542475343343
232.0 0.519610035004 0.0442231713685 0.521488520835
232.5 0.0888478457572 -0.496122667977 0.504015516999
233.0 -0.471816632781 -0.13255198438 0.490082608885
233.5 -0.175266646435 0.446524804565 0.479690315145
234.0 0.420110642742 0.216962139996 0.472827159052
234.5 0.257641848094 -0.392469277872 0.469479984624
235.0 -0.363528122237 -0.297337771517 0.469640762741
235.5 -0.33610746773 0.333247706737 0.473309902611
236.0 0.301623287287 0.374031934245 0.480496092876
236.5 0.411213876592 -0.268687617496 0.491212670946
237.0 -0.234515135031 -0.447775694812 0.505470495107
237.5 -0.483856410872 0.199227631413 0.523267307846
238.0 0.163001239033 0.519606652233 0.54457366533
238.5 0.555180734281 -0.12607424688 0.56931569752
239.0 -0.0887548320012 -0.590724899435 0.597355277047
239.5 -0.626360948179 0.0514272771009 0.628468616746
240.0 0.0145546898007 0.662164922982 0.662324863056
240.5 0.698141255743 0.0213242411565 0.69846684691
241.0 0.0556071449715 -0.734193890563 0.736296695302
241.5 -0.770097278233 -0.0876509642629 0.77506935785
242.0 -0.116807535988 0.805471598332 0.813897104174
242.5 0.839767732951 0.142471463061 0.851767552266
243.0 0.164137437407 -0.87226790993 0.887576703757
243.5 -0.902107072138 -0.181461234096 0.920176803164
244.0 -0.194315931121 0.928317622059 0.948436760419
244.5 0.949896341302 0.202833388444 0.971310682886
245.0 0.207421453916 -0.965887617069 0.987908167975
245.5 -0.975472718131 -0.208750174705 0.997558850022
246.0 -0.207705234206 0.97805204881 0.999863627951
246.5 0.97330713419 0.205312914958 0.994726178661
247.0 0.202646591569 -0.961231944203 0.982360672884
247.5 -0.942128529614 -0.200728518473 0.963274677567
248.0 -0.200441432414 0.916568493574 0.938229487514
248.5 0.885327855742 0.202462069 0.908182966993
249.0 0.207223868855 -0.849306885145 0.8742218923
249.5 -0.809447676901 -0.214910328669 0.837491487126
